-1.469222816868892096e+03
-1.044226638768018802e+03
-1.187762953477901874e+03
-1.590026728472281548e+03
-1.177100487082154359e+03
-1.695103624124381895e+03
-1.594415123742541255e+03
-1.032228665518077378e+03
-1.401544943732339561e+03
-1.500070002534463356e+03
-1.509811033958555299e+03
-1.724942392987149788e+03
-1.232285605748984153e+03
-1.791849860167263387e+03
-1.239177102939520410e+03
-1.304828724063091613e+03
-1.633535085520386701e+03
-1.434228920534267672e+03
-1.596122755982165700e+03
-1.698109570007682805e+03
-9.665978827378579581e+02
-1.019364582906453506e+03
-1.094892591628809214e+03
-1.062537039307150280e+03
-1.236192353660630943e+03
-1.820930603009405786e+03
-1.162743608602771019e+03
-9.787563537344568658e+02
-1.112387042780544334e+03
-1.201551213103016607e+03
-1.336799646549191266e+03
-1.356392085126428810e+03
-1.054208671258015556e+03
-1.360367688692895399e+03
-1.321423671719097456e+03
-1.135168395861504223e+03
-1.365580369194272635e+03
-1.294753943583087448e+03
-1.367702861247364353e+03
-1.287362777660269785e+03
-1.263813045009466350e+03
-1.256253854758530224e+03
-1.344553937455226333e+03
-1.277229145247813221e+03
-1.342296778307251998e+03
-1.414648745499980578e+03
-1.340977026229535113e+03
-1.364942799537631799e+03
-1.248096633830277824e+03
-1.214398289419964385e+03
-1.404090278450131336e+03
-1.401417698619919975e+03
-1.431519223936868684e+03
-1.391429203551741693e+03
-1.331154626962743350e+03
-1.374870821281130475e+03
-1.445849610198407845e+03
-1.399023278210852141e+03
-1.454096040325732702e+03
-1.560497639692770008e+03
-1.417037081185752868e+03
-1.326580957188820548e+03
-1.356141442323473257e+03
-1.374714669980412054e+03
-1.362222467820300835e+03
-1.371379074220424855e+03
-1.394016487600556047e+03
-1.307042570188129957e+03
-1.342312396645623039e+03
-1.337588047076371822e+03
-1.337490521903686613e+03
-1.375682513955645391e+03
-1.383922240800359077e+03
-1.488825912531237691e+03
-1.412749820489812464e+03
-1.374177559617823590e+03
-1.450528735423616581e+03
-1.394158109426880856e+03
-1.362100763638406079e+03
-1.059322507473892074e+03
-1.366294864756842344e+03
-1.359700853032102714e+03
-1.371238645573563645e+03
-1.381061686273059195e+03
-1.342716210256006661e+03
-1.380683783845084463e+03
-1.319045757802174876e+03
-1.351945760059032182e+03
-1.335009251141029154e+03
-1.318072200418462671e+03
-1.351044700763882474e+03
-1.379955269710946595e+03
-1.585246688182318394e+03
-1.221229654859926313e+03
-1.484044215161873808e+03
-1.416585481965563758e+03
-1.485103491011331926e+03
-1.284880309459573255e+03
-1.209841416427635750e+03
-1.478601118121226591e+03
-1.461780677703841775e+03
-1.293429412535225310e+03
-1.337019227935868003e+03
-1.317245342411407591e+03
-1.321075261109960366e+03
-1.367796998486385974e+03
-1.471223263736326544e+03
-1.229897557341706033e+03
-1.313046739382682290e+03
-1.323954799383700447e+03
-1.216713986062378808e+03
-1.376078956974176890e+03
-1.352919814374532507e+03
-1.344848843414455814e+03
-1.397524162185494788e+03
-1.369289558677863397e+03
-1.416209330739296320e+03
-1.399289187186420804e+03
-1.352530837096741834e+03
-1.332117215828707458e+03
-1.281980076144335044e+03
-1.244282805524111154e+03
-1.356081781955029555e+03
-1.379961604689360001e+03
-1.253806691666971346e+03
-1.259221690506500636e+03
-1.368423334080518089e+03
-1.310037197441339231e+03
-1.203785231166282074e+03
-1.283993533889839455e+03
-1.297897396222529551e+03
-1.293919070042436488e+03
-1.630237756543265505e+03
-1.290888225669595386e+03
-1.207471004730295817e+03
-1.271489825325346828e+03
-1.278871880801168572e+03
-1.342034391351090790e+03
-1.118429066901589977e+03
-1.317183191242131443e+03
-1.310741970076282314e+03
-1.241502670590169373e+03
-1.250196125160589190e+03
-1.280690150819473729e+03
-1.229165488565069609e+03
-1.350260654397581220e+03
-1.214849057872946105e+03
-1.199850920067313609e+03
-1.283703455729327743e+03
-1.303292033722030737e+03
-1.094048547195000083e+03
-1.690950599036998028e+03
-1.210752595262907334e+03
-1.293087434823740978e+03
-1.283220098631582459e+03
-1.253507906154867669e+03
-1.204650883291921900e+03
-1.282035080841926629e+03
-1.297050594105013943e+03
-1.352504789710331124e+03
-1.325103845096650048e+03
-1.177509332882444369e+03
-1.218506259973654096e+03
-1.349171911627113332e+03
-1.265036331063869056e+03
-1.224378773863110837e+03
-1.345748422433505311e+03
-1.228507686844131285e+03
-1.350672241581782600e+03
-1.225105412704457422e+03
-1.309960714997438117e+03
-1.200791436162937543e+03
-1.217004786900198269e+03
-1.319827012838014070e+03
-1.382582524923666369e+03
-1.343693039264492199e+03
-1.221482875218297067e+03
-1.299382211504425641e+03
-1.183390259231172195e+03
-1.127116764674611204e+03
-1.131178895713503380e+03
-1.232342867105512369e+03
-1.252632339732684386e+03
-1.200222921219156433e+03
-1.154726001812271761e+03
-1.350846140391581002e+03
-1.175040708443925723e+03
-1.167967378976264172e+03
-1.167760497656536472e+03
-1.273155848417138259e+03
-1.114482769253642118e+03
-1.189564247509425968e+03
-1.039904326967661973e+03
-1.016612931960819196e+03
-1.198616994705074148e+03
-9.784124355872668275e+02
-1.180209860417660821e+03
-1.119970127590132961e+03
-1.297721085589648283e+03
-1.183970440905825626e+03
-1.341481827831190003e+03
-1.027468183873686939e+03
-9.614079736871533441e+02
-1.263541006691483744e+03
-1.210488519261071133e+03
-1.321955026581635593e+03
-1.197221868263632132e+03
-1.240866390860421461e+03
-1.210343798528182788e+03
-1.010636085506300219e+03
-1.191271293838682368e+03
-1.209529641109251997e+03
-1.386342599312551556e+03
-1.070929899080215591e+03
-1.265977057588389471e+03
-1.376442194927876017e+03
-1.298771644701623245e+03
-1.171960268449702198e+03
-1.246354845233105380e+03
-1.228817078633335768e+03
-1.308642920585990623e+03
-1.311803592866039253e+03
-1.075597597308628337e+03
-1.306338504094399468e+03
-1.345097658732587661e+03
-1.144547898382025323e+03
-1.160080663288264759e+03
-1.300831019122888847e+03
-1.251286340567192610e+03
-1.250336010721396633e+03
-1.229062889471134440e+03
-1.060524773574979008e+03
-1.170963822151449222e+03
-1.201505522464956812e+03
-1.210117748369372066e+03
-1.266772856115591594e+03
-1.331614250570405147e+03
-1.069249742744192190e+03
-1.331199022346416996e+03
-1.281760586136887696e+03
-1.228966447222473562e+03
-1.238133370708586654e+03
-1.247913782631501363e+03
-1.210982827677488558e+03
-1.150108894399161954e+03
-1.240528173439369311e+03
-1.286347914559422406e+03
-1.067748914924321753e+03
-1.152347883843818863e+03
-1.204703232521482050e+03
-1.169328058606413379e+03
-1.302883261803222695e+03
-1.225844679322098955e+03
-1.148559729954340355e+03
-1.147414560707824421e+03
-1.237240020432050869e+03
-1.175825831996236730e+03
-1.194965184350515074e+03
-1.193544606998221298e+03
-1.180377967247734432e+03
-1.170353826951713245e+03
-1.229308743184611558e+03
-1.275506778897195773e+03
-1.211966191132022459e+03
-1.214944998480896857e+03
-1.227374777035110128e+03
-1.252500594499305407e+03
-1.071560296404550172e+03
-1.190441989207160759e+03
-1.277938228067583168e+03
-1.158987662388835133e+03
-1.118648770381354325e+03
-1.027164763476086137e+03
-1.060592126965922489e+03
-1.180967634554434198e+03
-1.072611290431136240e+03
-1.086718853884816554e+03
-1.158547542129947942e+03
-1.167377042624107844e+03
-1.066121482840589351e+03
-1.123502137247398196e+03
-1.062921817167878089e+03
-1.120454550098292430e+03
-1.148689421262836504e+03
-1.026798775704118725e+03
-8.002106387691218288e+02
-1.022981002437182383e+03
-9.047617731493800193e+02
-8.813071917623095715e+02
-8.901757277319754849e+02
-1.086137638695555097e+03
-1.171434340167334767e+03
-1.231644351917006588e+03
-1.120101218444561255e+03
-1.132143569984383475e+03
-9.566853226978362272e+02
-1.045414718814954767e+03
-8.780218865450915473e+02
-9.207473324314285037e+02
-1.120712050633847866e+03
-1.109124659696502704e+03
-1.168861624582136074e+03
-1.202168048753142557e+03
-1.243898136396554492e+03
-1.256096888030807804e+03
-1.204624702128404351e+03
-1.183050374810987478e+03
-1.252759889381333778e+03
-1.248033505160428376e+03
-1.221358813237741060e+03
-1.251075559708006722e+03
-1.442133765789169047e+03
-1.365945948473208546e+03
-1.358965280323863908e+03
-1.222635767619868830e+03
-1.290021281357406906e+03
-1.228362743461223317e+03
-1.174735036532492131e+03
-1.222879984638008182e+03
-1.281071950847157041e+03
-1.206373099300225704e+03
-1.218796885297531162e+03
-1.333324733810570251e+03
-1.273327311897706750e+03
-1.308628858216484559e+03
-1.395184373331856705e+03
-1.383436832626897512e+03
-1.326006311675586858e+03
-1.376089096200181530e+03
-1.223793925103398578e+03
-1.508464431941001067e+03
-1.374209125166822560e+03
-1.393866127457091579e+03
-1.268471308039283713e+03
-1.391758246848533645e+03
-1.408003850519068692e+03
-1.349025693072278273e+03
-1.157291512568805729e+03
-1.361340421379259851e+03
-1.217870407811164341e+03
-1.361582641577040022e+03
-1.360890617848554257e+03
-1.225537388540763459e+03
-1.422805029531801210e+03
-1.213909379935231755e+03
-1.403305114760948072e+03
-1.140288711115122169e+03
-1.365190722982825037e+03
-1.436211034928974641e+03
-1.199370954384080051e+03
-1.190544958109351910e+03
-1.366693595763174926e+03
-1.336193036556122479e+03
-1.359594804130537796e+03
-1.291318701406328728e+03
-1.220018196105193510e+03
-1.269497612919132052e+03
-1.301689878624969424e+03
-1.229256830319392066e+03
-1.194835556218426746e+03
-1.187581190446405799e+03
-1.205361454529481080e+03
-1.188688437580400205e+03
-1.308595561977685293e+03
-1.265890262661191400e+03
-1.217251258547896441e+03
-1.065459601937624484e+03
-1.147729235884070931e+03
-1.030174675859178933e+03
-1.172500808306014051e+03
-1.203113041347263788e+03
-1.174648297044070887e+03
-1.017292499890147269e+03
-1.052328369161329647e+03
-1.158749168635889419e+03
-1.081744216125363891e+03
-1.033140737665577035e+03
-1.028984040492663098e+03
-1.169994777716316321e+03
-9.780820572960188883e+02
-1.136012342356804538e+03
-1.154680358967905249e+03
-8.939506022703574217e+02
-1.028369419542407968e+03
-1.012010441829975321e+03
-9.953799037228202451e+02
-1.026268661600244968e+03
-9.483672815841683814e+02
-1.082165743302668716e+03
-9.017466363781152268e+02
-1.023158875391263336e+03
-9.277039398703782354e+02
-1.029528382593564174e+03
-1.046901095143033672e+03
-1.151006307587259471e+03
-1.038785849745546329e+03
-1.083637856988043950e+03
-1.068137003617357550e+03
-9.725547135843069100e+02
-1.163010792815672403e+03
-1.167233425463788762e+03
-1.191730856020945566e+03
-9.589897013716798710e+02
-1.019531250821366029e+03
-1.117625554015437046e+03
-8.917609703299538069e+02
-9.393700533474338954e+02
-1.047890263048623865e+03
-1.066948647855465424e+03
-1.241848947083872645e+03
-1.204496348036186191e+03
-9.957367631569535433e+02
-1.037820291184766802e+03
-8.990478896423684319e+02
-1.077188730173743807e+03
-1.045721734972242757e+03
-9.301114602371055753e+02
-9.152891318725185101e+02
-9.071280524043658033e+02
-9.100682126475167024e+02
-1.133143360907812848e+03
-9.038920528961556329e+02
-1.014483759141838959e+03
-9.281084927547429970e+02
-1.000664865671974326e+03
-9.260675146061472560e+02
-1.034045514797540136e+03
-1.031639088614166212e+03
-8.989930654245960113e+02
-1.031689638812345038e+03
-9.257912639541500539e+02
-9.939156322885290820e+02
-1.044345333729083904e+03
-1.170004093345237379e+03
-1.141638090004259993e+03
-1.008141367268625913e+03
-1.043830548185963380e+03
-1.157857405781457601e+03
-8.759143952219402536e+02
-1.026593512229062981e+03
-9.234208030819120268e+02
-8.298713491065145718e+02
-8.912367888109046135e+02
-1.016984934389586670e+03
-1.083464522075247260e+03
-9.402916454828863380e+02
-8.737928366102737527e+02
-9.397387363351841714e+02
-1.225287308191474949e+03
-1.136286150926268192e+03
-1.197168161171105339e+03
-8.929391903420417975e+02
-1.177601729493091625e+03
-1.230923460409821246e+03
-1.111346289316003322e+03
-1.016383129448855357e+03
-9.337395967875868337e+02
-9.300586506778622606e+02
-1.033555143612714801e+03
-9.077944964978262306e+02
-1.190527265983762618e+03
-1.085676128276449617e+03
-9.987760836774190238e+02
-1.054314555876040458e+03
-1.013663616875129492e+03
-9.122827458330064019e+02
-1.023668895404371824e+03
-1.109284637757874634e+03
-7.476397215111433070e+02
-1.207052124181115914e+03
-1.164827094341096199e+03
-1.229232358646229386e+03
-8.781084259060826298e+02
-1.199983105016485297e+03
-1.111825929038088589e+03
-1.033874420568013420e+03
-1.176343862608395057e+03
-1.048596015120936272e+03
-1.067233793950295421e+03
-1.113012447893522449e+03
-1.055341169837102598e+03
-1.031781143408526077e+03
-9.935280266566768432e+02
-1.067776281085739811e+03
-1.194020014271651235e+03
-9.514019596354249870e+02
-1.192707003487228576e+03
-1.011408032792147083e+03
-1.013212955518543595e+03
-1.236223805733483005e+03
-8.767544297810837861e+02
-1.065091025704886988e+03
-1.140556983275601397e+03
-1.086774390989286758e+03
-6.515676914568678058e+02
-7.767745244088216623e+02
-9.413093887173953362e+02
-1.035671135668315628e+03
-9.279741740485152377e+02
-1.045165606707867028e+03
-8.998448128148922933e+02
-8.558185276220586957e+02
-1.007683396904512051e+03
-1.000335624331812255e+03
-9.018444426857115559e+02
-8.784081890213493580e+02
-9.892190106156447200e+02
-9.071991376651629935e+02
-8.583444042278099460e+02
-7.758830962009362793e+02
-7.992676194720127114e+02
-8.701111900140740545e+02
-7.520922243315022797e+02
-9.012078284094410492e+02
-7.668559174736836894e+02
-8.595868383999537627e+02
-8.846260585709284214e+02
-7.291780202797477841e+02
-9.193732715770318009e+02
-1.055708434295747793e+03
-8.768462482094048482e+02
-9.507691937297811364e+02
-8.839277403027105038e+02
-8.868974862277233342e+02
-6.374885441231100458e+02
-9.192277442300311350e+02
-6.231602316559402652e+02
-6.377435401526179248e+02
-8.600154144895293484e+02
-7.376794081057332733e+02
-8.935098464293758980e+02
-8.957450333934723403e+02
-7.952679416644473349e+02
-1.002465446108538345e+03
-8.872555954377238550e+02
-8.011063057412493436e+02
-8.747853747478748119e+02
-7.488960209808694799e+02
-6.398502057472007891e+02
-9.359675963452527867e+02
-9.744890282149168570e+02
-1.022172355305859696e+03
-5.798177318735085919e+02
-1.021827352706466172e+03
-9.035124629647378924e+02
-9.831521894731597513e+02
-1.051880399938812388e+03
-9.988864771037522132e+02
-8.935035801479211841e+02
-1.043440383488491534e+03
-1.067092921512992916e+03
-9.973695877841104220e+02
-6.379481375626857016e+02
-7.593802618914572804e+02
-8.485130296830884618e+02
-6.322052138789127866e+02
-7.635727267749517750e+02
-7.512046694073543449e+02
-8.657401535967984501e+02
-1.059087775739267727e+03
-9.350904726903706887e+02
-8.652167414417704094e+02
-1.053286154988033559e+03
-1.102854317115653885e+03
-1.180239360785172266e+03
-1.141560855121801069e+03
-1.237925646819065150e+03
-1.087864241269325021e+03
-9.509840599152825007e+02
-1.221289524237114165e+03
-1.141826422590345601e+03
-1.031725984666525164e+03
-9.046441568225338870e+02
-7.815674145730795317e+02
-6.346387968655185432e+02
-5.180786115111545769e+02
-7.503648704018461331e+02
-8.701008706638911008e+02
-9.169185738687592675e+02
-4.822772743835608935e+02
-1.008497978870500106e+03
-9.039689329302157148e+02
-8.865179442970334094e+02
-6.537007123915063858e+02
-6.667701646400647633e+02
-9.259474974880220088e+02
-7.706822827699320442e+02
-9.280525722188288000e+02
-1.113149713293875493e+03
-1.042832219859941461e+03
-1.074300663979279307e+03
-8.883324422575393555e+02
-7.699926904444854472e+02
-7.707524744351713935e+02
-1.023551517244416345e+03
-8.500078063697045536e+02
-6.680270870857418686e+02
-9.516879969143941480e+02
-9.135120960567834345e+02
-6.389263535066975237e+02
-5.104736582527065707e+02
-6.382126373875137233e+02
-7.590580236842265549e+02
-8.257626173415698076e+02
-1.021618753543579942e+03
-1.036194900618080055e+03
-1.029938336302850985e+03
-8.635528823964939420e+02
-6.376863625010122405e+02
-6.359760061095597621e+02
-6.457749389164093827e+02
-6.335175674344965273e+02
-6.362062170114924129e+02
-7.479171967664207159e+02
-5.047086390526445143e+02
-7.341630983850374150e+02
-9.132769005325596936e+02
-8.048361117561925084e+02
-6.291769958133126011e+02
-7.849228241680092424e+02
-6.583294636413220360e+02
-7.442136581688530441e+02
-6.490060891128887306e+02
-9.940864422291324445e+02
-7.718479943694534313e+02
-5.215337488909666490e+02
-6.317220204898902693e+02
-7.747042620726894029e+02
-7.238653877580048857e+02
-5.108865209871558477e+02
-6.339438821867877323e+02
-6.322942417575450236e+02
-6.358586237533612575e+02
-9.220849337819903440e+02
-5.124738040633885703e+02
-6.249790406283447055e+02
-8.712195869234675456e+02
-7.690573493067079198e+02
-7.534071341045345207e+02
-7.509948794828966356e+02
-9.400714984739965985e+02
-9.259283776906574985e+02
-9.050739547640550882e+02
-9.281832962317979536e+02
-9.182996178405777528e+02
-8.842493997749459140e+02
-9.161784938049410130e+02
-6.402271712516220532e+02
-8.612358573650516291e+02
-5.041894258241977695e+02
-5.500273546519804313e+02
-6.338393259983261032e+02
-8.988283660768410073e+02
-5.196275711988904504e+02
-5.093678030686722309e+02
-5.182691819788491330e+02
-7.173064856446652584e+02
-7.478900029637719626e+02
-1.095245723972671840e+03
-9.190024445629419461e+02
-1.127619015016686262e+03
-8.973461575978374185e+02
-9.007460282893099475e+02
-8.092502995961374381e+02
-7.882861913870866601e+02
-7.498198760679209727e+02
-1.067650554976806689e+03
-7.546135973220673350e+02
-1.067103335360796791e+03
-1.068988180903608054e+03
-9.784023257166147687e+02
-5.198455378977556620e+02
-9.308890043565165797e+02
-7.555299664109579680e+02
-7.689243643994774402e+02
-6.337315932286066982e+02
-5.136910555525423661e+02
-5.088415319909375398e+02
-5.802907277026361044e+02
-5.148768689162718601e+02
-5.391560443397354447e+02
-6.414951100200837573e+02
-8.339351412343939955e+02
-6.388079404746683849e+02
-9.207663622779202797e+02
-9.957948991140291355e+02
-1.067446020733065552e+03
-1.067289308219247459e+03
-8.152405810475435146e+02
-9.876293428192323063e+02
-1.073867939475749381e+03
-7.975017304881383780e+02
-6.187294482961134463e+02
-1.037507819144312862e+03
-3.879994397016932908e+02
-5.683122907256830558e+02
-1.029202633262889321e+03
-7.738158060048381230e+02
-9.209231745484007661e+02
-6.360444572686169522e+02
-7.054565083507214922e+02
-7.463613735074246733e+02
-5.270395849281716210e+02
-2.852710655371499229e+02
-6.405219895956078062e+02
-7.887527301010590008e+02
-9.181687817909651130e+02
-9.150990453837785026e+02
-7.496354682528123021e+02
-6.731185376233885336e+02
-7.635593677294184545e+02
-5.128917272200606021e+02
-7.693535652464524901e+02
-5.023653866477114889e+02
-5.249560943165600975e+02
-7.506877663721758154e+02
-5.059117017653975950e+02
-6.324182768832372403e+02
-6.172145195138117515e+02
-6.225597025908978139e+02
-4.945751964411941231e+02
-6.525880105411905561e+02
-7.992539782318549442e+02
-3.861841914747355418e+02
-6.465971584281884361e+02
-5.230447288677944471e+02
-5.117557636485681769e+02
-5.391979773160147715e+02
-5.149886629334130248e+02
-6.508195828869568231e+02
-9.277144158292146585e+02
-6.273013569908055160e+02
-2.772083383300899868e+02
-7.664278929911042724e+02
-6.206129533587981086e+02
-9.267550926379169596e+02
-9.183444082608666577e+02
-8.014871271265171799e+02
-9.011663003399285117e+02
-5.066803990744320458e+02
-8.800247097478215892e+02
-6.367282059785443380e+02
-2.608050179414739205e+02
-6.352103796855237761e+02
-6.661469748772663024e+02
-3.807196072067447972e+02
-3.806343510704266464e+02
-2.576003958584096836e+02
-6.451331748147616736e+02
-6.406981687586875296e+02
-6.379063318613425508e+02
-5.129909142431459941e+02
-7.464597485824089063e+02
-1.010455775897060448e+03
-3.887478178913127635e+02
-6.782198696475250017e+02
-2.579850823563270978e+02
-8.078679569471851210e+02
-2.584248197629087826e+02
-4.699108807940688735e+02
-3.873322695035503784e+02
-3.827364514814184417e+02
-6.445775466636010833e+02
-6.678891942570056699e+02
-9.022674966795851788e+02
-8.064090293278712807e+02
-7.903469468445082384e+02
-7.592728248139399057e+02
-5.485782013717893051e+02
-6.378751668692937074e+02
-7.517117746742053441e+02
-6.510138684586430600e+02
-3.860596772147883371e+02
-9.186707133464818753e+02
-9.127691498396642373e+02
-4.864413860169702843e+02
-1.042980958409825462e+03
-6.674736751682959266e+02
-1.055402894603544610e+03
-8.769803986593028640e+02
-9.680738221275890965e+02
-9.332794215188699809e+02
-1.115235308424892764e+03
-1.050905708684212186e+03
-6.634994179668003653e+02
-7.824490647703182731e+02
-7.794667338264263208e+02
-8.040192108794705064e+02
-1.046151465879016314e+03
-5.167080765333645331e+02
-3.924936671421615415e+02
-6.744261983881677907e+02
-6.322519403082442295e+02
-9.258128143979832885e+02
-5.101569017896093214e+02
-2.631336036265309417e+02
-2.844436961908691615e+02
-3.828310902416413910e+02
-3.897452542584915136e+02
-7.647423242309643001e+02
-3.901278814838207154e+02
-5.038306062858342784e+02
-3.747890368207088159e+02
-5.089302760236531640e+02
-3.209479760517025397e+02
-2.607376509839790515e+02
-2.602054449094522397e+02
-3.756223848260418094e+02
-2.566268861042921685e+02
-4.983798907848572526e+02
-3.877190745259853202e+02
-2.606127515412509297e+02
-5.118589145439864296e+02
-3.844953842941945368e+02
-2.732039436603350282e+02
-2.591008509909116242e+02
-3.693328605666048929e+02
-8.976671164683714323e+02
-3.809376812647596466e+02
-8.022249139046778055e+02
-9.003189714100263927e+02
-8.240056235692043174e+02
-1.310432434884377244e+02
-9.373639824261740614e+02
-9.131253829325219158e+02
-7.451607649664819064e+02
-6.587721530432680765e+02
-5.090958858557347071e+02
-5.553931754095044653e+02
-4.269774352407264359e+02
-5.467244637344906550e+02
-3.835913335289370707e+02
-2.621427679902078580e+02
-3.778969324838834041e+02
-2.639138246933577534e+02
-3.878950637516211941e+02
-3.998369083759662317e+02
-3.653213212981754623e+02
-2.584058874305773088e+02
-2.603160097380273896e+02
-6.150214415001598809e+02
-3.889995034482894312e+02
-5.082324908276474389e+02
-3.730890007983446139e+02
-6.277130696244375940e+02
-2.640716935638660630e+02
-3.860464507519473045e+02
-3.785173301101508514e+02
-3.847302616647857576e+02
-3.734112824079148254e+02
-2.575778646310845943e+02
-8.001969640441495812e+02
-3.881823536270480304e+02
-1.307514329451543347e+02
-2.605298537033277739e+02
-6.522054019155970082e+02
-7.936052370021956222e+02
-2.507584858969795221e+02
-8.367926656224994986e+02
-2.592056387208137380e+02
-1.274569888655095014e+02
-9.223258717933806565e+02
-1.376615076820361550e+00
-1.143109794553707616e+03
-1.100064731112406662e+03
-1.074626198552341293e+03
-1.184813791347368351e+03
-1.113899253004424509e+03
-2.526644591434674112e+02
-3.899303507101390665e+02
-3.916485404756775210e+02
-3.824651214272885227e+02
-5.037591346388169313e+02
-2.618482797401860012e+02
-2.619799386102427547e+02
-5.147609734009382692e+02
-2.525926202396115912e+02
-2.588974403585512505e+02
-3.744258370712192914e+02
-5.128390710148885319e+02
-5.107708874823132419e+02
-5.107610392907030814e+02
-3.848244099229752351e+02
-3.936401904645694572e+02
-2.535855972821654802e+02
-6.569662082938504000e+02
-2.703641222603148435e+02
-3.874797244345856484e+02
-4.966403318669150622e+02
-3.696402937905281760e+02
-5.225622277687361930e+02
-3.890687277680329998e+02
-4.980784660918871620e-01
-1.060638612745476848e+03
-9.389501496841854760e+02
-7.985116318629972056e+02
-1.057688975634991948e+03
-9.078318412723867823e+02
-2.452358035372224663e+02
-2.595205355990501630e+02
-2.476276778412977535e+02
-2.591419172280403131e+02
-7.832937977287355125e+02
-1.339549488678249247e+02
-2.471214915898942195e+02
-5.399062915683196024e+02
-7.820542097658371858e+02
-3.776021137611651284e+02
-3.725875372393267639e+02
-3.748859019030694526e+02
-1.287147125709433908e+02
-1.318779721362731152e+02
-1.293622051854078450e+02
-1.299236698139964119e+02
-1.412953836423410880e+00
-3.869924686702758549e+02
-2.512242911087059554e+02
-4.821668868306368836e+02
-1.277663282399720970e+02
-2.489096979428780685e+02
-1.795287161785215968e+00
-2.534847410775009564e+02
-5.046159989205223724e+02
-2.982250257257657022e+00
-2.529497416084989823e+02
-2.563376984284182072e+02
-3.809114764460104539e+02
-1.261563116630457557e+02
-3.789049346069441526e+02
-1.251817652959848886e+02
-3.705530586355048399e+02
-5.403370766240705052e+02
-4.698564184422829726e+02
-3.781587330681390426e+02
-2.477178768515068725e+02
-1.303206151529335273e+02
-2.606933197178420869e+02
-2.463786251569781882e+02
-2.564011945873114087e+02
-3.739265691601306685e+02
-2.674255312409163139e+02
-4.256355709007799693e-01
-3.664318911324270402e+02
-9.512432664779061042e+02
-1.307791058892541969e+02
-1.304452691215195728e+02
-1.221837740890818850e+03
-2.686275298839566972e+02
-2.341223195684074110e+00
-1.356998619446373766e+02
-1.058327450604599335e+03
-1.206540262381430693e+03
-9.439556737361623391e+02
-1.075845035589611371e+03
-1.214964551205749785e+03
-1.141373294446770615e+03
-1.106304554649231704e+03
-1.203051842485059069e+03
-1.096598406714080511e+03
-1.038277949746729746e+03
-5.617707646192452557e+02
-6.595016131860527366e+02
-1.085067516780659844e+03
-1.165377313182842272e+03
-1.115600677617491783e+03
-1.126192591198755963e+03
-8.199307972738115495e+02
-4.360052071267355132e+02
-1.137641133902830234e+03
-1.155972945232899974e+03
-1.332182313597319023e+02
-1.258122515021462107e+02
-9.266542744747693350e-01
-1.214932707554451525e+02
-1.191926804423161457e+03
-1.231800177615656935e+02
-1.294802412550923520e+02
-1.254347123052014901e+00
-1.305004641688009315e+02
-8.646226084528468858e-01
-2.586412493408682849e+02
-1.241857223366600493e+02
-2.000948035872707198e+00
-1.313655320497123853e+02
-2.590072891011038223e+02
-1.078641946738230899e+03
-8.941176087169607172e+02
-9.937055549116354314e+02
-3.750250939435705959e+02
-1.302932635515353468e+02
-8.496135354152523860e+02
-2.164358951262628228e-01
-9.301833067100985772e+02
-1.291408760451502360e+02
-1.305591043106879283e+02
-2.564303323759344266e+02
-1.764962214132497209e-01
-1.273996771640042596e+02
-5.521058902810368636e+02
-2.198055401748251758e-01
