-1.371420383383823719e+03
-1.087546689272459844e+03
-1.504538876281747662e+03
-1.548196476801686231e+03
-1.335024473176540369e+03
-1.562714251526914495e+03
-1.482681857229381876e+03
-1.500100734144045646e+03
-1.408623147373018128e+03
-1.259227895053977591e+03
-1.537345084462519026e+03
-1.563577366598721483e+03
-1.358763913080812245e+03
-1.665296312040433577e+03
-1.561771782658778648e+03
-1.371735253337979657e+03
-1.177912150856125436e+03
-1.556673059463935942e+03
-1.557442435088341199e+03
-1.556620939684089990e+03
-1.571378285609196155e+03
-1.468659677990979390e+03
-1.658592086912079139e+03
-1.342435137482714481e+03
-1.283501982817386761e+03
-1.557612650161795273e+03
-1.342304037766018610e+03
-1.109638356607236801e+03
-1.513256543554846075e+03
-1.552140428238135200e+03
-1.451479640667538206e+03
-1.570782118555466468e+03
-1.437157641511045767e+03
-1.670500513867378913e+03
-1.255694885956104372e+03
-1.376663565314536072e+03
-1.320088726058658267e+03
-1.341340171519608020e+03
-1.500806356349924954e+03
-1.563922685303215303e+03
-1.380063309749861219e+03
-1.569379523294299815e+03
-1.456791600994965393e+03
-1.434070949268661934e+03
-9.835288993175471433e+02
-1.552589254299556160e+03
-1.567090809793815879e+03
-1.392355656927822793e+03
-1.492511736635592342e+03
-9.629410191583759797e+02
-1.527557100188190816e+03
-9.031455611966065362e+02
-1.476709356547814878e+03
-1.531585671191952770e+03
-1.548360885808775265e+03
-1.199648967694089833e+03
-1.524629000565021215e+03
-1.211789324470961674e+03
-1.529076680003983711e+03
-1.209569110310369297e+03
-1.539878606878822438e+03
-1.558224933907310060e+03
-1.379600095699262738e+03
-1.173066254526916509e+03
-1.338872334558771627e+03
-1.318337212362761647e+03
-1.305975164792327860e+03
-1.414518599436508566e+03
-1.391200963114213437e+03
-1.559159613869713439e+03
-1.566545868867681293e+03
-1.542067701245042599e+03
-1.134257818556316806e+03
-1.405811030741496324e+03
-1.377947381839562922e+03
-1.562200995629498266e+03
-1.389031017990771034e+03
-1.420476417960513572e+03
-1.535336009311126418e+03
-1.561963769534616176e+03
-1.407096562004573570e+03
-1.423195659612716554e+03
-1.293248235463205219e+03
-1.551824849919883491e+03
-1.123732982653683848e+03
-1.550347061836677540e+03
-1.536425723523723491e+03
-1.433802390445708625e+03
-1.447741683237153893e+03
-1.301729833687481914e+03
-1.361152119026814944e+03
-1.554456379218806660e+03
-1.488920889758346220e+03
-1.464792062417783654e+03
-1.103464078115860502e+03
-1.568962571840513874e+03
-1.300190299488808023e+03
-1.532681402226507998e+03
-1.556723225036460690e+03
-1.538653682254431487e+03
-1.085085079832372003e+03
-1.541061911925374261e+03
-1.317649144159884600e+03
-1.386498349526323864e+03
-1.502381180171643337e+03
-1.114720891538848264e+03
-1.485673507698915273e+03
-1.223379548077022946e+03
-1.466793558666350236e+03
-1.312566609352722935e+03
-1.228066171442917039e+03
-1.159976091708460217e+03
-1.124516689890481530e+03
-1.180654562538833488e+03
-1.217945199765521465e+03
-1.300281276016629363e+03
-1.329586236714792676e+03
-1.112772784172500906e+03
-1.284959720150515295e+03
-1.461352463926329847e+03
-1.196440944139773592e+03
-1.137284673041014685e+03
-1.036394899553417190e+03
-1.192244012319249350e+03
-1.319017416808809912e+03
-1.193236449577806525e+03
-1.230182387279705381e+03
-1.181996537370387614e+03
-1.420931280855231762e+03
-1.214973879030736725e+03
-1.230142278866400829e+03
-1.226601868922288304e+03
-1.451743421797578549e+03
-1.320812583006925252e+03
-1.342503312325051184e+03
-1.349500128681596834e+03
-1.491973224351100953e+03
-1.371224294844227416e+03
-1.548507559891627579e+03
-1.522621951149207916e+03
-1.369031246881753304e+03
-1.062455904708866228e+03
-1.493893240324721546e+03
-1.434155457912126394e+03
-1.153011627055600002e+03
-1.301422819946972140e+03
-1.398972982005013364e+03
-1.308566279542139227e+03
-1.353768337782581739e+03
-1.318521195307827838e+03
-1.449970626914586546e+03
-1.080874726221592482e+03
-1.190564452520034820e+03
-1.338533672050614996e+03
-1.394660822225979928e+03
-1.166637668705700662e+03
-1.193546962853012019e+03
-1.108726045945131318e+03
-1.126045353291770425e+03
-1.229898270645033108e+03
-1.276755817533286518e+03
-1.370711116927382591e+03
-1.152465972056388864e+03
-1.312899287854114846e+03
-1.387697867982587240e+03
-1.336927596703724475e+03
-1.301379644017803457e+03
-1.405482985589751934e+03
-1.224604280533097381e+03
-1.341862812318381430e+03
-1.555630247831981251e+03
-1.285458503946696055e+03
-1.523850910070763121e+03
-1.395538038771873062e+03
-1.535191866759201957e+03
-1.434207380440317138e+03
-1.421419469499132219e+03
-1.042039706533387744e+03
-1.430029618573820926e+03
-1.526550146946078939e+03
-1.312017802118203690e+03
-1.130421715592793589e+03
-1.368924878938599704e+03
-1.322836376165477304e+03
-1.297407399837683897e+03
-1.091539449921291862e+03
-1.253306088708955258e+03
-1.209397366673745410e+03
-1.194312246822672023e+03
-1.242857931624358116e+03
-1.406406215144953194e+03
-1.237075406330171290e+03
-1.393992896779386911e+03
-1.351213139527467320e+03
-1.200555913155428016e+03
-1.355587613451788002e+03
-1.241229193868421362e+03
-1.280598118360804392e+03
-1.246304838171462961e+03
-1.050451741713976389e+03
-1.192964965381690263e+03
-1.472586035460424227e+03
-1.389641339102494612e+03
-1.084482218987707256e+03
-1.034216607105492358e+03
-1.184191308046783433e+03
-1.220175909895193399e+03
-1.030206252783741093e+03
-1.260810568022117877e+03
-1.325668829377590555e+03
-1.201359281509466882e+03
-1.062899781836262946e+03
-1.322814964929041935e+03
-1.198336445112471438e+03
-1.236919635545782739e+03
-1.209634501203425543e+03
-1.114575491479553421e+03
-9.050451326360030180e+02
-1.018453354216037155e+03
-1.021088929517649149e+03
-8.739291861374549626e+02
-1.064585488335811078e+03
-1.342225881869989053e+03
-9.059891088507185941e+02
-1.045165301478836000e+03
-1.032141339521465170e+03
-1.222917267773862932e+03
-1.170463616967559574e+03
-1.230937519195297682e+03
-1.211490331147218285e+03
-1.201593742142126530e+03
-1.358688142205144231e+03
-1.359965898514575429e+03
-1.294503781010587772e+03
-1.255807170478769649e+03
-1.310393141800835110e+03
-1.321635426834564441e+03
-1.381584104228502156e+03
-1.303000308986392156e+03
-1.195703099053601136e+03
-1.059478205207398332e+03
-9.196610694771272847e+02
-1.027255005626094999e+03
-1.215018613961839492e+03
-9.842026487258581255e+02
-5.191951471627819501e+02
-6.486676709063298176e+02
-6.280788862361420115e+02
-5.213070758532227273e+02
-6.402945144042727179e+02
-6.176004309723734877e+02
-9.043794826160062712e+02
-1.176290052022380451e+03
-1.065209678863642239e+03
-1.040355535948260467e+03
-7.943073366715417478e+02
-1.137650337978016296e+03
-9.996662351509951350e+02
-1.051747692184279003e+03
-1.074161128614005293e+03
-1.086630951741933814e+03
-9.174465388859481436e+02
-1.184417054918250187e+03
-1.224175328276758819e+03
-7.791524456264126002e+02
-4.202341617968774017e+02
-1.069822022804399921e+03
-9.312160026491244480e+02
-9.088320834139605040e+02
-7.833708014377641575e+02
-7.746298832148914926e+02
-7.723524658481254619e+02
-7.646585031201949505e+02
-5.099262829625434392e+02
-2.603151013893129857e+02
-6.281972544833205347e+02
-7.955407146631312116e+02
-6.514882627879891288e+02
-3.940956752434520922e+02
-7.339844653208754153e+02
-2.810717894189576214e+02
-1.078857833193715351e+03
-9.447814594932445971e+02
-6.611586148408996451e+02
-7.351969901488399728e+02
-9.299283923629261608e+02
-9.002215063067600340e+02
-7.790270712540800560e+02
-2.546815040360010016e+02
-6.090262408593980581e+02
-1.396763663829520681e+02
-2.330563166043823742e+02
-5.714860581596731208e+02
-1.356919807056196419e+02
-5.235388209450838986e+02
-9.628148948040401365e+02
-2.600835087369138137e+02
-3.880049701712848105e+02
-5.149875121040485055e+02
-5.360463309141952095e+02
-5.384450814432015022e+02
-7.050934596408080779e+02
-6.791651525492775363e+02
-8.147333973007768009e+02
-2.595444653471284937e+02
-3.921688005492653701e+02
-7.375738550804685474e+02
-5.501119663132305959e+02
-2.655933487028029845e+02
-3.501946575177170189e+02
-2.548360087825629705e+02
-3.879853752084796383e+02
-9.059454445280183563e+02
-5.707344685129321249e+00
-4.910885778141329183e+02
-7.873815316620521116e+02
-6.478721431102308088e+02
-5.466231679146372926e+02
-6.599138674805205937e+02
-1.127140022647502974e+03
-3.941711805172168965e+02
-5.990826302448621163e+02
-1.313762137745914345e+02
-7.978567336219989556e+02
-1.058345352204313258e+03
-1.099117993619504887e+03
-4.032806380990887192e+02
-2.617949390636166527e+02
-1.312354714805034632e+02
-2.708537590662409116e+02
-3.890097523581964083e+02
-5.395418415455192189e+02
-1.320009022798229807e+02
-1.081896850194399576e+03
-2.580978052635619520e+02
-1.298540462033346330e+02
-4.770676477808590903e+02
-1.081812424818426962e+03
-2.586814955749482010e+02
-1.018559777463035630e+03
-5.146344522050046635e+02
-5.104499579208299451e+02
-1.293983046021450320e+02
-2.665122337513476509e+02
-4.093909388248713412e+02
-3.782307693399188224e+02
-1.112482188008621051e+03
-1.080867066822532934e+03
-1.214523268755347800e+02
-2.542429266324274977e+02
-4.221802852272077189e+02
-1.077314969590937643e+00
-3.907251865130346005e+02
-7.499003306936620206e-01
-1.182846609928259568e+03
-2.551960364989601437e+00
-9.640580500942656954e+02
-1.309840974502448319e+02
-5.401767728714313535e+02
-1.262635890692060343e+02
-6.805733956327472134e-01
-5.035536323627493402e+02
-6.587161861856826173e-01
-1.176623586086633644e+00
-1.268224124840471534e+00
-1.029297250011234288e+00
-1.271808054823997338e+02
-1.308659726187288186e+02
-2.578070709878758180e+02
-1.278382974836184331e+02
-2.656834680920676988e+02
-1.293579097720023867e+02
-1.067080814818297540e+03
-5.260016897749709415e+02
-4.366766708723367287e+02
-1.108210899823970294e+03
-1.132554837608643993e+03
-1.307038948868500938e+02
-1.336953191663835412e+02
-3.882807110616754471e+02
-1.290862162943708995e+02
-6.537662494299954687e+02
-9.530012666274164985e+02
-7.916855200057127604e+02
-6.573442921556796819e+02
-3.912143208143448305e+02
-5.235249809506541396e+02
-4.771924410608738754e+02
-1.318118212100543190e+02
-1.339640111820374102e+02
-1.344437422329191918e+02
-5.286369972419500982e+02
-3.882950115031586051e+02
-1.322046149167175599e+02
-1.315600583338977572e+02
-1.394518225376760654e+02
-1.370783776822273410e+02
-2.633305877747375234e+02
-2.682470019483997703e+02
-3.997820219952807861e+02
-4.227539516818420111e+02
-5.886352359723399559e+02
-1.340811191309164201e+02
-7.259050997103511236e+02
-3.841083533024352619e+02
-4.007235524645899432e+02
-6.570943221219924908e+02
-2.689776845593228245e+02
-4.203911327231696191e+02
-3.808322156765554745e+00
-4.222477118860650194e+02
-2.733821738425871217e+02
-5.106407060759751175e+02
-1.923589081185239191e+00
-1.313773498043240693e+02
-3.960435108882342661e+02
-2.586513360635266281e+02
-4.254512429448485591e+02
-1.326461074674476492e+02
-1.981891408980634761e+00
-1.357070416673393538e+02
-1.547343605571419971e+02
-4.119582196988018268e+02
-4.215198214570460209e+02
-2.684568078079939255e+02
-9.942432338841034607e+02
-9.463828798597317018e+02
-3.986184409092326177e+02
-3.910590335843891125e+02
-6.657035397859452814e+02
-7.852460103581244084e+02
-2.620712293266833512e+02
-1.289848264273910274e+02
-3.919534236059811292e+02
-3.829048254523148671e+02
-2.614857819950470343e+02
-5.449376876968873376e+02
-1.308224375690916190e+02
-1.291445124972664757e+02
-1.331579838454777303e+02
-1.307275552735466135e+02
-2.606334218313630231e+02
-2.947969918953047568e+02
-1.287370098238116327e+02
-1.303621184266456225e+02
-1.317887769036888130e+02
-2.620606515555269311e+02
-1.350704871005534358e+02
-2.594091434667452631e+02
-1.081602964934775590e+00
-5.319513649731073883e+02
-2.595528304958928629e+02
-1.316579470862074857e+02
-2.571823934994531555e+02
-3.868069434170994327e+02
-1.283258498768399818e+02
-2.609488834447814156e+02
-1.314612665745562197e+02
-1.309416093211521286e+02
-7.969759407798525217e+02
-1.336127080610489202e+02
-3.864375254839939657e+02
-1.368882024835384357e+02
-5.956600166669500140e+02
-7.961576759197539488e+00
-7.219603655665538078e+00
-5.388086065476925341e+02
-1.383729822883346969e+02
-1.351410612489098071e+02
-1.192884224141484538e+03
-7.669552345140766114e+00
-1.197508505252229497e+03
-3.902178699642445281e+02
-1.184579339712231786e+03
-1.222818683162131038e+03
-1.166059380557465602e+03
-2.674296613199555850e+02
-4.089672094151704300e+02
-1.163113682217964197e+03
-3.943097802944831187e+02
-1.313444292861734368e+02
-2.624113068902403825e+02
-2.659667602110180269e+02
-1.093404493213491605e+03
-3.188845195142512079e+00
-8.984883996795300618e+02
-2.630229035329531371e+02
-2.558365584041287661e+02
-7.935267066962803710e+02
-9.630524741390663621e+02
-6.645590674470273598e+02
-1.340201128700659865e+02
-1.247525971491410701e+03
-2.651575847757216593e+02
-2.715322919519980474e+02
-5.853996796054424578e+00
-1.333233989451805712e+02
-5.462372668945420173e+02
-3.723914530237524332e+02
-1.355568257901796414e+03
-2.668375466605327802e+02
-1.307230654288924143e+03
-1.236077994980905487e+03
-1.315467123062532835e+02
-1.314499602552285751e+02
-1.337771303717345859e+02
-1.115802486348879256e+03
-1.312398741424340187e+02
-3.962155696357251031e+02
-1.327181054072885615e+02
-1.340453042904019640e+03
-1.269542290873982438e+03
-1.338707604372361175e+03
-1.300038914037753841e+02
-2.674806860943724587e+02
-1.188765798551309899e+03
-3.376140821150855675e+00
-1.819212469121769926e+00
-1.354209076687723154e+02
-2.818906664890218394e+02
-1.110176635961295233e+03
-1.375178686783153807e+03
-1.311519416745629485e+02
-1.304720246626681046e+03
-2.614890969306852071e+02
-1.302175406044308147e+03
-1.336308456536752146e+03
-2.621315675138665711e+02
-2.730867170132744377e+02
-1.321722124984117102e+02
-1.176528821427669527e+03
-1.239328774282603035e+03
-1.315571467104299472e+02
-1.151011626696518533e+03
-1.101029036952657634e+03
-1.332653015877655776e+02
-3.715602186965220994e+02
-1.320767206920006629e+02
-1.134424835733858572e+03
-1.306888186035050126e+02
-2.707008882216475740e+02
-1.154627799459116659e+03
-1.003404181015094423e+03
-1.184904321693603833e+03
-2.629009710512523270e+02
-1.024657651905494959e+03
-2.989385975926556966e+02
-1.115389865907019157e+03
-1.127572632551341030e+03
-4.331295955290113397e+02
-1.186681643506112550e+03
-1.103869155445413071e+03
-3.116411582088196131e+00
-1.339793669505072273e+02
-1.112518887816066126e+03
-2.711153698639610639e+02
-2.643384054975642243e+02
-5.576817924689215715e+02
-2.675005368542666133e+02
-1.219543854005243247e+03
-4.082103031507659239e+02
-2.917237345206917212e+02
-7.939967028543553624e+02
-9.160675257491382126e+02
-8.004150049557505753e-01
-1.150670862668906011e+03
-4.150391517271398243e+02
-9.981500414632047296e+02
-2.109550133490560864e+00
-7.921399449505786379e+02
-3.959221830518094976e+02
-2.650797022386446997e+02
-5.566151445252813801e+02
-4.780544293011892023e+02
-1.135919787796963787e+00
-4.438107416295230792e+02
-1.318039335945462085e+02
-5.448404044673378355e-01
-3.915047061796168464e+02
-4.153329614234675948e-01
-1.308173066203677593e+02
-1.109794405303956864e+03
-4.463314975643615981e+02
-1.169301722094911838e+03
-2.778058689589868209e+02
-1.198239041421345519e+03
-4.143992905407333751e+02
-1.110939306971709129e+03
-1.305924884716550309e+02
-3.204419284985070782e+00
-1.316623558487904404e+02
-1.051506592812810823e+03
-5.128387224468925751e+02
-2.696854606246167805e+02
-2.726315591721260603e+02
-5.410440753558305005e+02
-2.716070049627527965e+02
-6.599074918915788430e+02
-2.811957698565170176e+02
-2.744037435470178821e+02
-1.416888101293024533e+02
-3.949676752476253228e+02
-2.705854702004262435e+02
-2.814944136584555849e+02
-5.147389473247147862e+02
-1.433894161533718545e+02
-5.191260511820714783e+02
-4.330249858662483007e+02
-1.387836256406375526e+02
-1.369296872431277734e+02
-1.379709643543934021e+02
-2.702342516926233884e+02
-1.216718193540978518e+03
-6.678038168476711007e+02
-5.386147913283654134e+02
-5.526981115357152703e+02
-8.686333703885537716e+02
-1.562995018211482147e+03
-1.390761937725350208e+03
-1.410786817814077040e+03
-1.472608167093721249e+03
-1.488950350491004883e+03
-1.455935698151556608e+03
-1.536079109411735317e+03
-1.497266803449844019e+03
-1.498809675516320567e+03
-1.471899238475465836e+03
-1.538898567350987378e+03
-1.437288936495768667e+03
-1.599630921824869120e+03
-1.588443480053352232e+03
-1.592454426383362943e+03
-1.613287852637585502e+03
-1.428128899072544300e+03
-1.442285446415907018e+03
-1.432351258272572750e+03
-1.600888614486847246e+03
-1.588106833782544527e+03
-1.604124422914603429e+03
-1.584415140784936057e+03
-1.555831966187947728e+03
-1.556173267446524278e+03
-1.601080046750318388e+03
-1.559322505210374175e+03
-1.515592027558795735e+03
-1.612528741982811198e+03
-1.550713961071389576e+03
-1.561229894127399803e+03
-1.543819191668892472e+03
-1.560774365641885197e+03
-1.560244189919839528e+03
-1.533546805412975345e+03
-1.466326145259417899e+03
-1.533210078306158948e+03
-1.340406755521893729e+03
-1.446629805908677554e+03
-1.588069354290795445e+03
-1.587111475465798776e+03
-1.428890452361601774e+03
-1.360883758135148128e+03
-1.551310862582013215e+03
-1.602816009679031822e+03
-1.585360118134146660e+03
-1.529271445224295121e+03
-1.525692562187117346e+03
-1.588843009523364117e+03
-1.528330141839187945e+03
-1.565977669730252501e+03
-1.443269262095225486e+03
-1.511916404749774074e+03
-1.436383873424750618e+03
-1.441390671428341648e+03
-1.503202945019247181e+03
-1.562296361399981379e+03
-1.547742101865117775e+03
-1.554960744909898949e+03
-1.553409252222454143e+03
-1.382507045926409774e+03
-1.541782456375005268e+03
-1.569457719680112405e+03
-1.417102775842225128e+03
-1.385816534592695007e+03
-1.537702529837939210e+03
-1.501961358446370014e+03
-1.552513455017075557e+03
-1.562099835365208037e+03
-1.496962614287132283e+03
-1.444837699179046695e+03
-1.496473553240423144e+03
-1.292304471547962976e+03
-1.578399457480471938e+03
-1.460311641605958357e+03
-1.537931038021665927e+03
-1.468810784123764734e+03
-1.556193811055981087e+03
-1.475437857979620048e+03
-1.490301267221569560e+03
-1.559133920351096322e+03
-1.452713363656519505e+03
-1.441921456790322054e+03
-1.407057629890401358e+03
-1.466327198258219369e+03
-1.374738289255358950e+03
-1.479150649201677652e+03
-1.305234059127430328e+03
-1.252247375198658347e+03
-1.458548672687803219e+03
-1.412678116612736403e+03
-1.508722208002806838e+03
-1.433761740134397314e+03
-1.302441678012216698e+03
-1.400248328294998601e+03
-1.415829573184701985e+03
-1.037070112164957436e+03
-1.142150539705411120e+03
-1.123508202021690067e+03
-1.159290817856171998e+03
-1.323309530210803587e+03
-9.803378802086974702e+02
-1.140450644602811280e+03
-1.239679140373439850e+03
-7.968879258580067244e+02
-1.367983602797449976e+03
-1.249292952139540603e+03
-1.347759905578931466e+03
-4.230448008963286384e+02
-8.959748407574219087e+00
-2.833881911514768035e+02
-6.618771501546190166e+02
-4.178711700218689771e+02
-3.785029953734412516e+02
-3.718718342339507821e+00
-1.338974646619753628e+02
-4.954614682078894816e+02
-8.035986195001959231e+02
-1.340595509161707923e+02
-1.358500921551207057e+02
-3.568577845013989336e+00
-8.082389065264578676e+02
-2.661465342418150613e+02
-4.272199706879375114e+00
-7.884934099036421458e+02
-1.311639174189367338e+02
-6.581943285417769403e+02
-2.841394182925413237e+00
-1.317919500967552153e+02
-2.743255039895078653e+02
-5.358395671343243976e+02
-2.316952292563420279e+00
-8.809116684624023037e+02
-5.606495539352845299e+02
-5.438804987843541312e+02
-9.267560504814030082e+02
-1.249464261587461806e+03
-1.107005728795782943e+03
-9.360137700863876944e+02
-8.595502198312551627e+02
-1.397458656185032623e+03
-9.727462081982896507e+02
-1.336619450663696398e+03
-1.214053895556597354e+03
-1.391026712232394175e+03
-1.435952217995589990e+03
-1.275315179546968466e+03
-1.410931455789278289e+03
-1.354956250447170078e+03
-1.415970449218450312e+03
-1.337693728572563714e+03
-1.425756198394509966e+03
-1.153649016203697329e+03
-1.422685193146867277e+03
-1.458748501678127695e+03
-1.240101694978358182e+03
-1.378927361152791718e+03
-1.085368890987257601e+03
-1.415451493768204045e+03
-1.175382258582874329e+03
-1.400838499755072689e+03
-1.231036371659276028e+03
-1.214459255546512395e+03
-1.385920088741021118e+03
-1.403477125670177429e+03
-1.316138418951841459e+03
-1.406519730927724368e+03
-1.403691800940351413e+03
-1.091533302646787206e+03
-1.099184527844097602e+03
-1.207722735543780118e+03
-1.098929164790539517e+03
-1.231422063202486015e+03
-1.123414850906946185e+03
-1.025499922020487020e+03
-9.250519958830853966e+02
-1.035006530850787840e+03
-6.523913231641267885e+02
-9.919208672420860466e+02
-9.212879259435117092e+02
-8.097041630754868038e+02
-6.679968726326181923e+02
-6.560218215928238124e+02
-6.821642203644427127e+02
-6.851874664652103775e+02
-8.092766248393400019e+02
-6.689896322373307385e+02
-6.594210708757821067e+02
-9.486306975645056809e+02
-7.923972142677241663e+02
-7.124308283747867563e+02
-7.858095005577171150e+02
-6.622837232552759588e+02
-7.880711612808021300e+02
-6.612058861584794158e+02
-8.041306939258139437e+02
-6.677382065695073834e+02
-6.703640054785190614e+02
-8.029195008488392205e+02
-6.571062349553217246e+02
-9.745059481649169584e+02
-6.426127926396814019e+02
-7.971620608181347052e+02
-7.707420206323607772e+02
-6.569544967667110313e+02
-5.471522350770075036e+02
-5.443533533828302780e+02
-8.233587232316875770e+02
-6.640866042397385627e+02
-6.696860494089165741e+02
-6.627520411783310692e+02
-7.904139189666213952e+02
-7.816236294707024399e+02
-5.370628163513725895e+02
-6.382134135625894942e+02
-6.654787875933623127e+02
-6.614421286955612231e+02
-6.577948183070849382e+02
-6.814188825117126953e+02
-4.401178731673475681e+02
-6.635502434538817624e+02
-5.774998620465590875e+02
-6.793755384196339264e+02
-6.644582889592387573e+02
-6.828334185334999802e+02
-8.357350144777631158e+02
-6.638757002493014170e+02
-6.985098912074422515e+02
-8.141083063644027789e+02
-7.562846212267990040e+02
-9.727715166950381445e+02
-8.389406579430424244e+02
-8.382825463251242581e+02
-9.306665152163968742e+02
-8.023007779128387256e+02
-9.413942736549279289e+02
-8.055767020769134206e+02
-6.688346300336086188e+02
-9.206253082975010784e+02
-8.660347568600850536e+02
-5.393167551852137649e+02
-6.755663702955316694e+02
-7.095821718451393281e+02
-7.328413909061756613e+02
-5.307982884893095843e+02
-6.905318471198257839e+02
-5.419001696599329989e+02
-8.031616212677673730e+02
-7.734625672984440143e+02
-6.786527588217869607e+02
-6.793435185049637539e+02
-5.400664953394124268e+02
-5.444427097202460573e+02
-6.803710107214014897e+02
-5.506316739889103928e+02
-5.964387568338536312e+02
-8.569881899014076225e+02
-6.653914989752814790e+02
-5.349604660455464682e+02
-6.938557091294883321e+02
-5.919697079929347865e+02
-2.771275895087707113e+02
-5.817651221791370517e+02
-5.389949956184425446e+02
-1.379500151315539256e+02
-2.747040249963434349e+02
-4.832559122042103468e+02
-5.510149231255810491e+02
-4.366695395621284206e+02
-1.374489067530269892e+02
-8.574692913696406293e+00
-4.653824425411717698e+02
-1.085177385986983836e+03
-1.262636322641857078e+03
-1.238938621885418343e+03
-2.711428867368953775e+02
-1.415207647977827264e+03
-4.348581711257366464e+02
-1.489265729835491811e+03
-1.404532408306122989e+03
-5.618289971463766506e+02
-4.045029918993293450e+00
-1.568760543707797751e+03
-1.323923258540455379e+02
-1.507369413042215911e+03
-1.566132188708717649e+03
-3.072073717186764839e+02
-1.440351657300770057e+03
-1.452306471237584731e+02
-1.450687082268749009e+03
-1.577984762540771726e+03
-1.446546141061407980e+03
-1.592465998558489218e+03
-1.096743834378134075e+01
-1.344773714961560245e+03
-1.430851336840231170e+03
-1.355467415085319999e+03
-1.457915296569144857e+03
-1.392570478650506629e+03
-8.061107145595356087e+02
-1.434984473927140947e+01
-1.568077469179828768e+03
-1.459034724846711470e+03
-1.432473176334454820e+03
-1.573235073710283586e+03
-1.422261822398033701e+03
-7.031795722195421376e+02
-8.520079256009187247e+02
-1.425091313005387292e+03
-7.247031227782927090e+02
-1.417579356305685678e+03
-1.109978330765832588e+01
-6.719371383875535457e+02
-1.430257386467922061e+03
-8.008315686420575048e+02
-1.532477522013562975e+03
-2.995942268631933985e+02
-1.391145115236996844e+03
-1.338695582334307574e+03
-1.395761247542961883e+02
-4.189183082618120011e+02
-1.253920581336426494e+03
-1.389387184623601115e+03
-2.879015484565118754e+02
-7.016431735712590267e+00
-1.313887199107883589e+03
-1.385059950503650271e+03
-6.708817690744725724e+02
-1.266216474596861644e+03
-1.388023986435139022e+03
-2.832071783905365692e+02
-4.756600385793189112e+00
-1.398245924619348671e+03
-1.402949907788007522e+03
-1.448365863713929912e+03
-1.370083381247440684e+03
-1.292439743550358571e+03
-1.292021363601283156e+03
-1.397139021246870811e+02
-4.754294305812578614e+02
-1.348011135856785813e+03
-1.398039367262857411e+02
-6.960829135305022675e+00
-6.873112384385924756e+00
-1.416081811281897444e+03
-8.449764288924188804e+02
-8.423692637018115192e+02
-1.111996113380273599e+01
-1.348249417918599875e+03
-9.213690621300447674e+02
-9.451996337482254873e+00
-1.012533369254308901e+01
-1.318678474829162269e+03
-1.415186653341144165e+03
-1.409614799248583495e+03
-1.370753701004990489e+03
-5.728671355355186456e+00
-1.407722991520666483e+03
-2.763145474038400948e+02
-1.335358660186294060e+02
-1.562446764338146750e+03
-2.695864079186156914e+02
-7.874101254472607252e+02
-1.427649726742331040e+03
-1.359964637100961227e+03
-1.460000673749722637e+03
-1.467904005587042548e+03
-1.391627180182485517e+03
-2.063688936837571930e+00
-2.700374192430136873e+02
-2.975853568071017641e+00
-1.523836263285119912e+03
-1.378824144834999572e+02
-1.373154329102048621e+02
-1.406257407269336682e+03
-1.430015231569466778e+03
-8.089573691106567139e+02
-1.340329868053242535e+03
-1.255594842071834137e+03
-4.387359940679357919e+02
-1.079965272578539270e+03
-1.260065985530258786e+03
-1.075667784483502828e+03
-1.258204235716927997e+03
-1.132451722558097345e+03
-1.282045392464615816e+03
-1.077444228808783691e+03
-1.213733604706664437e+03
-1.063742777981733070e+03
-1.320267971494754136e+02
-1.327854489513620706e+02
-9.560457887419214558e+02
-9.486075856841756604e+02
-1.218202212352507559e+03
