-1.602551957740419539e+03
-1.386209940464416377e+03
-1.573357913901911388e+03
-1.430776907255206652e+03
-1.556281064466880707e+03
-1.517047141405716729e+03
-1.301356635839377304e+03
-1.179387221367844631e+03
-1.255812001902150314e+03
-1.435176956954946263e+03
-1.571162616800494561e+03
-1.163007382295022580e+03
-1.603727959103947342e+03
-1.346828428827919879e+03
-1.622650853543296307e+03
-1.611790193386502779e+03
-1.300404246713799012e+03
-1.226409720246386087e+03
-1.442673980471764480e+03
-1.596104038273487049e+03
-1.486249086290094283e+03
-1.773460177632658088e+03
-1.759625199748234763e+03
-1.428490905008796972e+03
-1.336979761035935780e+03
-1.588140319285891337e+03
-1.592964222855006255e+03
-1.585649312366470440e+03
-1.267202445508587971e+03
-1.569082636233736366e+03
-1.610919678683395432e+03
-1.499919769428345035e+03
-1.360941717052991407e+03
-1.159626094733172067e+03
-1.608043603057174096e+03
-1.516377449843748309e+03
-1.293459473030952040e+03
-1.295150915636125774e+03
-1.424701433204311115e+03
-1.563830031352327296e+03
-1.565967597455151690e+03
-1.570821097530311135e+03
-1.236526695140576749e+03
-1.225020607437005765e+03
-1.377707592402901582e+03
-1.276855982649284670e+03
-1.420276593668383839e+03
-1.587229676889594430e+03
-1.540799998682676005e+03
-1.532107442891146775e+03
-1.085812808909526211e+03
-1.531611222333924388e+03
-1.142627992694958948e+03
-1.534159863450753619e+03
-1.563361067764885547e+03
-1.533984163399544059e+03
-1.562870232649996751e+03
-1.548777828928087501e+03
-1.524738584719517348e+03
-1.528991693133287299e+03
-1.342298059258281683e+03
-1.470525470112892663e+03
-1.035321272019981507e+03
-1.311894169410197719e+03
-1.207240388996182446e+03
-1.190577173817029461e+03
-1.208743411706708912e+03
-1.255036185337306506e+03
-1.281482219932596536e+03
-1.658691376084626654e+03
-1.203167951878655231e+03
-1.139610135489656614e+03
-1.545789667149607340e+03
-1.551098755433629094e+03
-1.481935540019949258e+03
-1.500760448601459302e+03
-1.439352813019816722e+03
-1.302392741632616890e+03
-1.407435092771897416e+03
-1.486899117776278899e+03
-1.411252935063633004e+03
-1.485108142394990409e+03
-1.379298265971902765e+03
-1.380734202907012786e+03
-1.389790864887785119e+03
-1.315921940339242383e+03
-1.410353165153243708e+03
-1.344335641765352648e+03
-1.393554922754738300e+03
-1.434489603380968219e+03
-1.383406174835618003e+03
-1.310292672744427591e+03
-1.397555544279910464e+03
-1.362085600153538735e+03
-1.174505127708936925e+03
-1.438713914459434136e+03
-9.895397467486417327e+02
-1.021911511975855774e+03
-1.043408349065978882e+03
-8.726328217360078270e+02
-1.307979371198816580e+03
-1.238792859760614874e+03
-9.262174401578085963e+02
-7.879764988483154866e+02
-9.479743622810168517e+02
-1.149196942470313616e+03
-8.759234254491108231e+02
-9.940397700064861510e+02
-9.428182809588314512e+02
-1.392975195045341934e+03
-1.101939351700653333e+03
-1.200584011268964787e+03
-1.101948616991597191e+03
-1.255355390291079402e+03
-1.053586842988175704e+03
-1.020851979279568013e+03
-1.375121836481622040e+03
-1.255880050462736563e+03
-1.152627866945179676e+03
-9.029712298606613103e+02
-1.337676671320616151e+03
-1.362782866754320594e+03
-1.360163960978184377e+03
-1.399344509188437314e+03
-1.381288683832158313e+03
-1.323144424968978228e+03
-1.323798185096763746e+03
-1.193193324474099427e+03
-1.348353241589790514e+03
-1.359028689137474203e+03
-1.377072310144241101e+03
-1.336587890284340801e+03
-1.148264492598516426e+03
-1.329262267231278429e+03
-1.209276098351382188e+03
-1.345112704973028485e+03
-1.075795298957199293e+03
-1.319741452819466076e+03
-1.322366398609193993e+03
-1.128692858563828395e+03
-1.331008225697617945e+03
-1.383653360810394588e+03
-1.289362180455653743e+03
-1.274872794530184365e+03
-1.343138005421575826e+03
-1.317767731161358370e+03
-1.372871055379526979e+03
-1.339938846212148519e+03
-1.358146805383176570e+03
-1.387866742227708301e+03
-1.366601537393663648e+03
-1.351291892453960827e+03
-1.374879105529464368e+03
-1.378523240548965305e+03
-1.281077684566448625e+03
-1.381118377566077925e+03
-1.115667989131188506e+03
-1.161049383677225478e+03
-1.169332407471477381e+03
-1.296688383406123648e+03
-1.083813900605350682e+03
-1.297052668401170422e+03
-1.333554508225455947e+03
-1.031807239308408953e+03
-1.244607568674924096e+03
-1.101704416818829714e+03
-1.077611140996014456e+03
-1.304607622827398927e+03
-1.043222107079978286e+03
-1.026129760260790135e+03
-1.275010322879704290e+03
-1.028770384604628134e+03
-1.092662513085263072e+03
-1.084588721623763377e+03
-1.033270756250175054e+03
-1.047005805592073784e+03
-1.270743516507529421e+03
-1.468122158713259296e+03
-1.258103227837891382e+03
-1.049322731045390356e+03
-1.414903829129718133e+03
-1.329714904194016071e+03
-1.332008206052023297e+03
-1.375257933289471794e+03
-1.302897063149014230e+03
-1.346567115908695769e+03
-1.417827465940241154e+03
-9.011014186522977525e+02
-1.195006770164717864e+03
-1.177898641534043009e+03
-1.372905031641580763e+03
-1.291030645725788645e+03
-1.219451810059618083e+03
-1.103040375011565175e+03
-9.949700557725134331e+02
-1.341737728964323423e+03
-1.251239875359410007e+03
-1.081604854513853070e+03
-1.249814677071943834e+03
-1.253219856269106458e+03
-1.083074063589818024e+03
-1.253517347056115341e+03
-1.154033894518487159e+03
-1.087931117781451348e+03
-1.038035122775407899e+03
-1.253090176465640752e+03
-1.261588502360351185e+03
-1.252073540462712344e+03
-1.323289600997441084e+03
-1.300313029860031065e+03
-1.359752871427422861e+03
-1.206997696887257916e+03
-1.217693631080271416e+03
-1.240021257237169038e+03
-1.020795392484854801e+03
-1.161967596273392701e+03
-1.131577877926569954e+03
-1.072889305027275213e+03
-1.034599292708179973e+03
-1.104599435552124532e+03
-1.127240178634712265e+03
-1.043043568455394507e+03
-1.200237682054677407e+03
-1.106843983572619891e+03
-1.219104126288927318e+03
-1.231973442184242231e+03
-1.219437179008026533e+03
-1.162677262815888980e+03
-1.156752751644205318e+03
-1.133484885072121187e+03
-1.107409201358597102e+03
-1.073925815911341488e+03
-1.201866030011008661e+03
-1.025939616907806567e+03
-1.035813976873582305e+03
-1.017597601427093082e+03
-1.013023203250142615e+03
-1.028384615841569484e+03
-8.872687783098392629e+02
-8.977172909008816077e+02
-9.067311953788910159e+02
-9.835740324439865390e+02
-1.185196424533482059e+03
-7.909500213975103406e+02
-1.049040124268656200e+03
-1.216039526946529804e+03
-1.123681246117931323e+03
-1.178294782112652456e+03
-1.112936680013013302e+03
-1.040263836011164358e+03
-1.078142342173676070e+03
-1.187339654956436334e+03
-9.686209356367924102e+02
-9.839878068975830274e+02
-8.672595663467780014e+02
-9.511850480017714062e+02
-9.176092379324581998e+02
-7.621099660595309615e+02
-7.601915815731829298e+02
-9.863927491387095188e+02
-9.079791810962988166e+02
-8.951881008332507008e+02
-1.058606037801055209e+03
-7.865185737172276959e+02
-1.002175800405232394e+03
-5.137177801487423494e+02
-1.175832297989121571e+03
-9.369560171299265221e+02
-1.151010434619709486e+03
-1.037858703880248413e+03
-9.086998643481011868e+02
-1.321424793905927118e+03
-1.208887395433057009e+03
-1.133478037171779079e+03
-1.184499123980651575e+03
-1.189775939586537561e+03
-8.914865049205395735e+02
-1.047608782972499739e+03
-1.193681737887623058e+03
-1.127437282588490916e+03
-1.057428932029567932e+03
-1.002537785049115428e+03
-1.064916408669371322e+03
-8.594359371506708385e+02
-1.200051435462758718e+03
-1.194310085439843533e+03
-1.198549283546668448e+03
-1.222448264772341645e+03
-9.148079309885139310e+02
-1.043000447805801514e+03
-9.054432703138136276e+02
-1.022245348887626051e+03
-9.120798112820056076e+02
-3.827106857384781051e+02
-9.911696571592576674e+02
-9.823103116944115527e+02
-1.000415794333318559e+03
-8.785337929467492586e+02
-1.023566810738718686e+03
-1.147582728719173019e+03
-6.357239027943837755e+02
-7.638092338309696743e+02
-1.165772331092264494e+03
-1.142800608226343002e+03
-1.091474002801834558e+03
-7.837644511042243494e+02
-1.186423675761297773e+03
-1.079608528103186927e+03
-1.123832601605764467e+03
-8.764207109920050698e+02
-1.013197760465405281e+03
-6.476132241209046470e+02
-1.234300061196707702e+03
-1.202930449968269386e+03
-1.223629942616888911e+03
-1.080912794614881932e+03
-1.167450978459407906e+03
-1.327246246079875164e+03
-1.221712394699633478e+03
-1.267792017188541422e+03
-1.256132530890919497e+03
-1.202405784944473680e+03
-1.065518695652848010e+03
-1.212155114768085468e+03
-9.336198673565610306e+02
-8.840642902597946886e+02
-8.101256180066822026e+02
-6.459287226709554943e+02
-1.038273742759183961e+03
-8.458730923759948155e+02
-8.863774160343981521e+02
-7.461214482647534396e+02
-8.847777012751082566e+02
-1.082233575179130185e+03
-8.782634166472438437e+02
-9.017295393963222523e+02
-1.026199785007629998e+03
-1.088968839763573442e+03
-6.308773468843012324e+02
-1.038831512016654187e+03
-6.331233005606037523e+02
-1.042842214070418322e+03
-1.175572986874936305e+03
-1.017415691503420817e+03
-9.289877689760994599e+02
-1.215299785723882906e+03
-1.076778256181489724e+03
-1.066617032190376449e+03
-7.507741935181358031e+02
-5.168126097642627883e+02
-9.054353084812397583e+02
-8.613969366739569296e+02
-9.219456869796665615e+02
-7.552915325905561303e+02
-9.082486346403479729e+02
-6.344671970520133755e+02
-1.074262899437690294e+03
-7.626713534170411322e+02
-9.102930784305126508e+02
-9.879124915280281130e+02
-1.070523656878424390e+03
-5.120446648150136753e+02
-9.053254149228145025e+02
-1.057135807959855583e+03
-9.337850204433611907e+02
-9.956867562060374439e+02
-7.285107846955850164e+02
-1.128434885732891644e+03
-5.146368905740565651e+02
-1.040557693070976256e+03
-1.046219405769987134e+03
-8.973848365078748657e+02
-7.888553840211105808e+02
-9.788244941655655111e+02
-1.162314840149561860e+03
-7.318451047802249150e+02
-6.297089404245248261e+02
-7.523649779520080756e+02
-1.183856559900173124e+03
-7.114061667752545191e+02
-1.074324066381916282e+03
-6.655312056837573209e+02
-6.447688983004740066e+02
-7.867723175130728350e+02
-5.202005131319967859e+02
-5.192267996658355287e+02
-3.876467430351611938e+02
-7.470267706041211113e+02
-6.362399147063283635e+02
-7.634804999542401447e+02
-6.398484805115941754e+02
-7.741731541298638604e+02
-5.060017174383596057e+02
-6.640933269364923035e+02
-7.766070649101566232e+02
-8.990723042444429893e+02
-1.044775143277306370e+03
-1.073515065503162987e+03
-1.130736518626838460e+03
-7.610797309076771171e+02
-2.632294582326417753e+02
-1.180911150719668285e+03
-1.044856298552358567e+03
-4.012734541152597671e+02
-9.291153861362463431e+02
-1.133981621990293206e+03
-9.253900401301615375e+02
-1.053892822754118924e+03
-6.603065381225319470e+02
-9.782722327100526627e+02
-1.097200971739525812e+03
-7.713002918967051755e+02
-7.594637696703612164e+02
-9.485501448463469387e+02
-1.079073358285547101e+03
-1.195462188199959883e+03
-1.289857597497709321e+03
-1.216555281151523104e+03
-1.178746552400242308e+03
-1.306815209402189566e+03
-1.100929515790408914e+03
-1.176801163637765058e+03
-1.079946012877712292e+03
-1.113129596977319125e+03
-1.063236834973716213e+03
-1.131914373075109324e+03
-9.494196518311724731e+02
-1.206626708969419269e+03
-1.201458343405784035e+03
-7.976632675350110731e+02
-1.137930597412266252e+03
-1.089150241755978641e+03
-5.680731251747619126e+02
-9.369276913988866227e+02
-9.536976741548268137e+02
-7.943899206267469708e+02
-1.061151946033295644e+03
-1.106505428615555047e+03
-1.059394691729683018e+03
-8.010543531935691135e+02
-9.031343546372088440e+02
-9.230816871106284225e+02
-7.962767200929940827e+02
-8.022536728955858507e+02
-6.353252671687737347e+02
-6.103224652289478627e+02
-6.401424240108134427e+02
-5.273628636913014134e+02
-6.965013438553891092e+02
-3.919807396559913286e+02
-5.731124693279101621e+02
-6.610746453388633199e+02
-1.298369961973255329e+02
-1.581864330386715380e+02
-1.330973449265091233e+02
-6.553204855377420017e+02
-3.863419510087638287e+02
-8.915110417375323095e+02
-5.093915778910620702e+02
-3.977315040460788396e+02
-7.711233951481157192e+02
-5.487385861950771186e+02
-6.055548131803562910e+02
-6.475725462937323300e+02
-6.439318515451016083e+02
-3.847582558224377749e+02
-6.570790050663661077e+02
-2.631272470469145333e+02
-1.089395630296416584e+03
-2.599180550084133188e+02
-1.164307649596381907e+03
-4.898069365312762713e+00
-1.311204929806428083e+02
-1.107139415874361703e+03
-6.928481824331759071e+02
-1.102916120747546529e+03
-4.038472141923822960e+02
-6.174182747318449174e+02
-2.616652619310128784e+02
-6.687689462465742736e+02
-9.242854465218476889e+02
-1.076633080323918421e+03
-2.586517282184988744e+02
-5.095495718533281320e+02
-1.213491944058624540e+03
-1.070618587866935286e+03
-1.205558337743466154e+03
-2.138784511190908066e+00
-1.274787571988809702e+02
-1.246756912592610433e+03
-1.258840880627811174e+02
-7.784562932724583106e+02
-1.175914094318216485e+03
-2.583898830840779510e+02
-1.291150135777744765e+02
-1.227161997785094938e+00
-5.112460406119329832e+02
-1.052436802473522221e+03
-5.176251886715740511e+02
-3.899286030665883231e+02
-1.295156873793961267e+02
-2.661150065157871722e+02
-1.308439431418638037e+02
-1.287941536000649023e+02
-6.691242333616834230e+02
-5.258172146982053619e+02
-1.319753724626938265e+02
-1.292453005113434585e+02
-2.569480789650459087e+02
-8.021707863064436879e+02
-4.006329342781554601e+02
-2.433113712130195339e+00
-6.500581732540072153e+02
-5.208770338420040389e+02
-2.742056805009416394e+02
-3.949889427737833216e+02
-5.321165052958027673e+02
-1.283013105637103592e+02
-9.193370431526276434e+02
-4.153668416476632501e+02
-7.494984626918081858e+02
-2.608572458932708287e+02
-3.830837751465625161e+02
-2.609235341658972516e+02
-2.611722126864908091e+02
-1.315216097713385750e+02
-8.930166731990722973e-01
-1.751281736428083269e+00
-5.350205222665683769e-01
-9.327783688994603608e+02
-3.765372686557982433e+02
-1.294914548041701323e+02
-1.273336702720598907e+02
-1.312080167005992735e+02
-3.943408362372609872e+02
-1.322025464278318054e+02
-1.289464385829479909e+02
-1.024670415693930408e+03
-1.301944444149067976e+02
-1.796131573130483439e+00
-1.052430914726175843e+03
-4.231353720082814220e+02
-2.637523031248079519e+02
-3.991033714060557713e+02
-1.060098992733755040e+03
-1.333978232974637876e+02
-1.332389220232813614e+02
-2.562953375278653425e+02
-4.850788862251377509e+00
-1.077818983596588396e+03
-5.238497888078798042e+02
-4.473219471975852457e+02
-1.315253666811702828e+02
-5.115579478595536855e+00
-2.688976992479712749e+02
-4.778173782312121034e+02
-1.128375858775627876e+03
-5.960202967280915800e+02
-6.483720651677089997e+00
-2.720442606939874395e+02
-1.326182585679745785e+02
-1.298870069364057258e+02
-3.832151226625148865e+02
-2.501509859947563541e+02
-1.289897672935428830e+02
-1.304268909458126302e+02
-3.858086719490178211e+02
-2.628273796451936732e+02
-1.187745074516540853e+03
-2.535685623029566216e+02
-1.201830270796189097e+03
-1.071751186823742273e+03
-1.306775612445262027e+02
-1.139907032072222137e+03
-1.325470271914334717e+02
-3.727429372670760586e+02
-1.312846665852931949e+02
-5.274729788517749967e+02
-1.303306001572834703e+02
-1.208426781042981474e+03
-2.575818305576065086e+02
-1.060527753685047401e+03
-1.290183156307926140e+02
-3.036436470537270171e+00
-1.286163358850842826e+02
-1.080033011270856832e+03
-1.089908786738966455e+03
-1.210809933343598459e+03
-4.013374817082615209e+02
-1.192108917359308018e+00
-3.799121495697158934e+02
-1.273422211419523791e+02
-1.286369492426075567e+02
-2.553219118469547197e+02
-1.333000534734411815e+02
-3.903934581759490356e+02
-4.445106324158332995e+02
-2.615442396908441651e+02
-4.924539405265147707e+02
-1.333508271742250315e+02
-1.294525463698435033e+02
-3.937838127190743194e+02
-2.682131011805506091e+02
-2.737117203009720612e+00
-2.541951260896125291e+02
-1.294952515013529251e+02
-2.774999164695057630e+02
-2.685795459076013572e+02
-1.288768465820142239e+02
-1.284287226690961177e+02
-1.012638782287760819e+03
-1.210052851972077178e+03
-1.309767872874299428e+02
-2.553156023084167430e+02
-1.192944221945054778e+03
-1.280531040211375853e+02
-1.188559996915327929e+03
-5.417491987993113298e+02
-5.861209647952408730e+00
-1.326106557239417896e+02
-1.343234772401193595e+02
-2.694780307916554420e+02
-3.932368341858004328e+02
-5.891741935211986636e+00
-4.053107233142853261e+02
-5.565541496125214280e+02
-2.655190572321556601e+02
-3.883093311259548273e+02
-5.157058319952993770e+02
-1.340481957410629548e+02
-4.041621812087211083e+02
-1.298512145806287776e+02
-1.043819937781597446e+03
-5.303382891067899436e+02
-1.280607086272238178e+02
-2.599396018388871994e+02
-1.436436097241451604e+00
-4.202887628454190576e+02
-2.535543357696939495e+02
-5.547726135769360098e+02
-2.633992097138389568e+02
-1.322502204978587486e+02
-2.666001435383009834e+02
-2.682156588921889693e+02
-1.299139777891297172e+02
-2.608078853553530507e+02
-1.223397123328918497e+03
-3.804640380416713263e+00
-2.696612887075595495e+02
-1.078608186027463262e+03
-1.015170123478594974e+03
-1.323024339416900261e+02
-1.277285632751119380e+02
-1.282648191152465813e+02
-3.972498569959898305e+02
-1.348528482116140594e+02
-1.304407961725073619e+02
-1.274530144598843151e+02
-1.305859339878327887e+02
-4.985681770887388211e+02
-1.057864213938831881e+03
-1.555638880981480954e+00
-1.307035850268580361e+02
-2.603423887187232140e+02
-9.762976025052122395e+02
-1.166523138817675090e+03
-1.100952264310624741e+03
-1.317789815978287322e+02
-1.196288987321320292e+03
-1.150997004151735609e+03
-1.287934449433704742e+02
-1.194804643271949772e+03
-1.288737213500463383e+02
-1.177975110439532273e+03
-1.316963576405713354e+02
-1.332443326907556980e+02
-9.656230625823875036e-01
-1.058954643425725408e+03
-3.730751367225909121e+02
-1.009383831908974344e+03
-1.317365518256896451e+02
-3.777050864550847109e+02
-3.761628791315931153e+02
-4.257591048760050398e+02
-2.549354151037894098e+02
-4.009302530413944510e+02
-5.178312469888612668e+02
-1.312274295361326608e+02
-2.581321775660786670e+02
-2.565424609602412716e+02
-1.086389292743968554e+03
-1.275926750798721514e+02
-3.750117919394605792e+02
-2.738135693569954583e+02
-1.289345741631806561e+02
-1.130793039445750992e+03
-1.965219943972118966e+00
-1.119606534107494326e+03
-3.991940927272232784e+02
-9.407274296022037561e+02
-1.085070164360572562e+03
-1.212161711593909104e+03
-1.170351466862386360e+03
-1.297123140612588088e+02
-1.293400170204429571e+02
-1.296199375859377767e+02
-1.314880029852967027e+02
-1.313919610869657788e+02
-1.279461158214010936e+02
-1.288423157116262416e+02
-1.226848814531449534e+03
-1.358158980452428182e+02
-2.706499238249719497e+02
-1.325163678066685122e+02
-1.262715660846564134e+02
-1.280235533981495109e+03
-6.623253689025671065e+02
-3.825780650881475253e+02
-1.313726637526604293e+02
-2.409928308057674773e+00
-1.359632435178725473e+03
-1.190555678915494354e+03
-1.316753947428953097e+03
-2.585449092071531840e+00
-3.956831727646384138e+02
-4.578306583525066458e+02
-1.374528097050831093e+03
-3.791531223763308844e+02
-1.544539593942547917e+00
-1.380536141418726402e+03
-2.623901686330244161e+02
-2.752499838874740021e+02
-1.253420189781162541e+00
-1.262435224847574091e+03
-1.387557973990657047e+03
-2.475267087280645057e+02
-1.220077103954981368e+02
-3.392408746486986502e+02
-1.262982434226613577e+03
-1.365208857383968734e+03
-2.272515636729703470e+00
-1.047177594771857684e+03
-1.232010321515235319e+03
-4.949371684593008580e-01
-1.363125509000518832e+03
-1.385251372782952103e+03
-1.974517278323609348e+00
-9.452598538517711404e+02
-2.694046731771819054e+02
-1.264722460287935348e+02
-1.052463808582811522e+00
-1.327232065320352774e+02
-2.462243447241145873e+02
-1.317920115414042925e+02
-1.105913747478230789e+03
-2.505801332039244755e+02
-2.558083224034532179e+02
-2.615665557386977866e+02
-2.324227943148760911e+00
-1.338775955424482333e+02
-1.292580559661137158e+03
-5.243117488322009301e+00
-3.990294306835281191e+02
-1.242108726887756802e+03
-2.667193912262834488e+02
-4.002504517098977885e+02
-1.313356256083982998e+03
-2.636974063369211194e+02
-1.253579766507056775e+03
-1.365327777651507688e+02
-7.944806305891528382e+02
-1.398160397836792754e+03
-2.703427284373255475e+02
-9.540728826344478648e+02
-1.262795400196627469e+02
-1.319951682433060967e+02
-1.125605957761838908e+03
-4.177444443698075816e+02
-1.375989694288036162e+03
-1.362101673422245767e+03
-1.229920894902355712e+03
-1.752674306111388303e+00
-1.503147946680231328e+00
-1.202827975618380378e+03
-1.182550161088671985e+03
-1.240188454074577066e+03
-4.979043304020510874e+00
-2.564762628354429808e+02
-2.539857705747515695e+02
-4.462135394547000260e+02
-2.665841710159356239e+02
-1.343061501679150638e+02
-4.394303798067678599e+02
-2.622952610460259848e+02
-2.647558310989630286e+02
-1.296217229386122369e+02
-1.350153134998268456e+02
-1.351618420227925697e+02
-1.298248012298143124e+02
-1.727947566531004897e+00
-1.252287408779679254e+03
-9.524913523758903011e+02
-1.252779798343645439e+02
-1.112622739271256478e+03
-1.193511826809773083e+03
-3.781120546602910508e+02
-1.111201132935877922e+03
-1.183864932974548992e+03
-1.290906405419422640e+02
-1.168444937510822228e+03
-1.127181324253088633e+03
-3.830809139258914797e+02
-1.239013810630423677e+03
-1.282897605582290055e+02
-1.363481692175903618e+03
-1.360536859234863414e+03
-1.220687197384035699e+03
-4.129631943738226951e+00
-2.483815530908104847e+02
-3.555739336606129086e+02
-1.385789406658436519e+03
-1.408031701620638842e+03
-1.201834791456270750e+03
-1.317503307515689528e+02
-1.378117686435005226e+03
-1.373439191091508292e+03
-1.379737578630463986e+03
-2.700882739485527040e+00
-1.361862814585711590e+02
-1.375772994862031737e+03
-1.343592987142951927e+02
-1.346654419311131733e+03
-4.302539277229140424e+00
-1.302139215595384769e+02
-2.607767182874359833e+02
-1.372269917228105214e+03
-1.475749469671291763e+03
-1.000425153587273712e+03
-1.238697589700012003e+02
-1.425425070308395789e+03
-4.036593154580826237e+00
-3.068611908021839554e+02
-1.416283590091791893e+03
-1.288393549323014042e+02
-1.500559344297719235e+03
-1.460896940276759778e+03
-6.483668176860950325e+02
-2.860827635234703052e+02
-1.506018513950540637e+03
-2.188979828827894103e+00
-2.865888640608483229e+02
-2.444175689303015702e+02
-1.273203276238084300e+03
-1.303182897083869420e+02
-2.847988002652429032e+02
-1.517598450988080231e+03
-2.647769675904532392e+02
-2.477274428206195012e+02
-1.298310161236027511e+02
-1.414708660317049782e+00
-1.344687920825697063e+02
-1.415182073376358630e+03
-1.368531641402595653e+02
-1.397572905448259917e+03
-3.851034428308686302e+02
-3.417873568332139733e+00
-1.382408076979029602e+03
-1.393975646047163082e+03
-1.392062067236487792e+03
-1.272758515506805225e+03
-3.622934623272486760e+02
-1.369793154079728538e+03
-1.326848423419243545e+03
-1.145433486150907811e+03
-1.157200465197720632e+03
-5.148088996387600673e+02
-7.780007787150021841e+02
-1.278874588606122558e+02
-1.341401493042468474e+02
-6.111588467940837290e+02
-1.324060111710898809e+03
-4.780986003274149425e+02
-2.972566940112768066e+02
-1.277485021781030525e+02
-1.351240634108189624e+03
-2.546971943557979046e+02
-1.343116142909572773e+03
-1.237525838653820074e+03
-1.298149563305003937e+02
-3.825791436760887336e+02
-1.270902138852675080e+03
-1.330342144120078274e+03
-1.336818040465813056e+02
-1.393636532753886740e+03
-1.378039863646568165e+03
-1.322591656751192772e+02
-1.409262064481649304e+03
-3.108727837426649820e+00
-1.866421352943957723e+00
-1.391431784817436210e+03
-1.314435152877356643e+02
-1.422169502882340794e+03
-2.520608172401964850e+02
-1.283835068675623916e+03
-1.379110780476175478e+03
-1.354437116434329198e+02
-1.388827566686460386e+03
-1.085023467494253130e-01
-2.641815342027454108e+02
-1.290575791781029693e+02
-2.719415347283611482e+02
-1.346080464231955602e+03
-1.308271288309951842e+03
-2.903799185252877351e+02
-1.311642885178121958e+02
-2.680711654622668902e+02
-3.452816232112591033e-01
-1.156486336159263439e+00
-1.329689695899312198e+02
-1.304655479511519616e+02
-4.210718752050858029e+02
-1.375430363847491662e+03
-1.232488626283826079e+03
-1.330037518471795579e+02
-1.284674837009558246e+02
-1.286483338399053764e+02
-2.703505678076285221e+02
-1.336917309581984682e+03
-2.609665870774870768e+02
-7.008757556022636059e+00
-1.132779105910683484e+03
-5.269936057274140921e+02
-1.231072898908032585e+03
-1.288509505227242016e+03
-1.279805777296985752e+03
-4.019484209005868820e+02
-2.654948704764484546e+02
-1.361158527223841190e+02
-1.206053329223756236e+03
-1.410475795844854758e+02
-1.080621653517571986e+03
-1.374787366497439507e+02
-1.244784376700298253e+03
-4.309867125620409638e+02
-1.189351819420177492e+01
-2.755252594556380927e+02
-1.348793103512118137e+02
-1.313875082776199406e+03
-3.687191283482649737e+02
-3.928715215313098383e+02
-1.295133433948392394e+02
-1.117289819208080992e+01
-1.361774790915297331e+02
-1.238357334501886044e+03
-1.309705142962646278e+03
-4.335867532888108826e+02
-1.207797985109035835e+03
-3.204290980453587068e+00
-1.223169428208980889e+03
-2.562308178430853900e+02
-1.389306346510524008e+02
-4.029099668424280480e+02
-1.300536082637064737e+03
-1.230194382708460353e+03
-3.813199176165282438e+02
-3.612596423033536439e+02
-1.346014953879818677e+03
-1.299198859123903276e+03
-1.382340165453866121e+03
-1.365171958483476374e+03
-1.299775264804548556e+02
-1.371592622620114241e+02
-2.546624702182003261e+02
-1.030765010227396715e+03
-1.062473340763431906e+03
-1.339027372766130100e+02
-1.305308764924590605e+03
-1.242434247490551087e+02
-1.406379940604701915e+03
-3.767034188601010101e+02
-1.243486804766259723e+02
-1.348376129429524781e+03
-1.307832694656329409e+02
-1.363210411118522870e+03
-1.367702321150869466e+03
-1.375598603976809272e+03
-1.088458604613482521e+03
-1.356329001170172432e+02
-1.358055979612747137e+02
-1.262880178283845908e+03
-3.974169684339516380e+02
-1.320473512639778733e+02
-6.042457268523333980e+00
-1.360709547582324603e+02
-1.232870354137431605e+03
-2.595588919156087968e+02
-4.315091540205762612e+02
-1.291545705312448263e+03
-1.104071333707119948e+03
-1.268554762728895639e+03
-1.303062969634651381e+03
-1.380666396366509332e+02
-1.073556636091961309e+03
-1.260063168100984967e+03
-1.347569005630197410e+02
-1.228377519270992252e+03
-3.467773625569769251e+02
-3.839043752317442681e+02
-1.252064056372120149e+03
-1.259906684355350762e+03
-3.788349246022279999e+02
