-1.853201392005469188e+03
-1.746218830375087464e+03
-1.607641188939661561e+03
-1.800861267961456406e+03
-1.067922826901997496e+03
-1.620731961734506513e+03
-1.381715734874071586e+03
-1.696677844497809019e+03
-1.363705294786947434e+03
-1.368345702697091383e+03
-1.437640510595539354e+03
-1.771690848222057411e+03
-1.718037347284593807e+03
-1.727205597634683727e+03
-1.487533118349987944e+03
-1.538336837358541061e+03
-1.758481770709913690e+03
-1.319746845518899590e+03
-1.286576756365105666e+03
-1.792309206444489746e+03
-1.582053742107026210e+03
-1.252583199260146557e+03
-1.284124940069094919e+03
-1.217018124397152405e+03
-1.166604234177920262e+03
-1.735323339245258012e+03
-1.725555105829053900e+03
-1.275423922851849284e+03
-1.477797089110919160e+03
-1.195185704606366244e+03
-1.648842376323180133e+03
-1.777728953470737224e+03
-1.632413158716708267e+03
-1.731248441727142108e+03
-1.388033306028774859e+03
-1.691826837238646249e+03
-1.200966542628161051e+03
-1.731932266368334240e+03
-1.477027720151828817e+03
-1.033104165145839261e+03
-1.155588878537937944e+03
-1.607152644841038182e+03
-1.395780165260799095e+03
-1.364707939245423631e+03
-1.579229029316371680e+03
-1.401186338694962842e+03
-1.154378102075999323e+03
-1.126969674058554347e+03
-1.292222857158346415e+03
-1.103368631037931436e+03
-1.027334797123548242e+03
-1.072289951009879815e+03
-1.212258327699406664e+03
-1.054218793669923571e+03
-1.183535957836600346e+03
-1.195113721033663296e+03
-1.030401975843732316e+03
-1.109061271932483123e+03
-7.818784814611567526e+02
-9.346606043947723492e+02
-1.506963976998315275e+03
-1.215482178645720069e+03
-1.051671315321250631e+03
-1.001320305158892097e+03
-8.949046983192089328e+02
-9.993459456492504387e+02
-9.640970033455711246e+02
-8.872900989661266067e+02
-9.454667001777656878e+02
-1.014982944724122603e+03
-1.208092806886780636e+03
-1.034585590550232837e+03
-9.218376970510307729e+02
-1.224841532097277650e+03
-1.004226194482685173e+03
-1.154045526759169206e+03
-8.752969470706254924e+02
-7.537317298521080602e+02
-9.737059966165619471e+02
-7.364350446189696413e+02
-7.663470130525716968e+02
-8.497540333681009770e+02
-9.666529578788458821e+02
-1.197783185463477366e+03
-9.015868805852334162e+02
-9.198698477010560737e+02
-1.093462613191633409e+03
-1.132135545606419100e+03
-1.121145437288413177e+03
-9.984630077172454321e+02
-7.961859295931290035e+02
-7.945591402304332860e+02
-9.094568504095981325e+02
-1.317316238488143426e+03
-8.429822267127563009e+02
-9.801722514921433458e+02
-8.926224388148575599e+02
-9.116014801150288349e+02
-9.073548923117297136e+02
-9.925299168948974966e+02
-1.113954849094933707e+03
-1.115056824004886266e+03
-7.640543748403358677e+02
-1.198218282242494524e+03
-7.430585068009260112e+02
-1.099572313665434649e+03
-1.095260624983758134e+03
-9.858359857192666595e+02
-7.726813497786857852e+02
-8.925568978599964112e+02
-9.762023060405003889e+02
-9.140149835964524527e+02
-8.595088661619721506e+02
-8.727647732495013315e+02
-1.088869577474037669e+03
-9.002629992917075015e+02
-9.415852503441229828e+02
-1.233894845098526048e+03
-9.122125328126323893e+02
-8.157822195611125835e+02
-7.461625229934059007e+02
-1.157032427691835437e+03
-8.924991987275467409e+02
-9.884029614545909226e+02
-8.698460747550354881e+02
-1.038623981979700829e+03
-9.884683725529738467e+02
-9.011735860338635575e+02
-1.167883716846120933e+03
-1.163719853901290435e+03
-9.973993073867466137e+02
-1.035500191720283055e+03
-8.536999952589702616e+02
-8.751330040410500715e+02
-8.620929814637786421e+02
-8.882580219018575463e+02
-7.728636816134043102e+02
-8.906158283422143995e+02
-8.553806315637315265e+02
-1.037508719921656620e+03
-9.865336926549119880e+02
-9.860216294263816508e+02
-1.040510546390528589e+03
-1.134371695245666160e+03
-9.817350868196117517e+02
-1.154135823536578528e+03
-9.158865881651977361e+02
-7.763840049161310617e+02
-7.547594395901962798e+02
-8.664086708692568664e+02
-1.102628912048793154e+03
-7.718902193690211107e+02
-9.167052245758619620e+02
-1.053772716344801665e+03
-1.026098917194299929e+03
-1.018060596056033319e+03
-1.054010936847711946e+03
-7.040923603789108256e+02
-1.194044944060603257e+03
-7.445052420457374183e+02
-7.543555029346862284e+02
-7.478772342161948927e+02
-7.503769213658720219e+02
-7.630776435301249876e+02
-1.089524198183741191e+03
-9.010913247422823815e+02
-7.556919731607440553e+02
-1.005893631156684137e+03
-7.575430819241217932e+02
-1.032085318502987775e+03
-8.949995618899974943e+02
-6.310914513191463584e+02
-1.184064861069483413e+03
-1.029410028252172651e+03
-1.041900882774449201e+03
-7.580031536943064339e+02
-8.924167214448131062e+02
-1.155438312964259694e+03
-6.329861671579894846e+02
-8.576453995457884503e+02
-9.821001177674894507e+02
-7.634958834380958024e+02
-8.700948478110061615e+02
-7.657705480820573030e+02
-1.061186103044099809e+03
-1.045837909932639832e+03
-9.335069309468559595e+02
-7.305302818162118683e+02
-8.737598034407161549e+02
-5.066038080313358591e+02
-7.634798883506157381e+02
-7.541512964655983069e+02
-9.698831205643455178e+02
-8.963960581602373168e+02
-6.330570489105871275e+02
-6.274320275865412668e+02
-8.820347187677180045e+02
-6.403383864928782714e+02
-8.205681538873541285e+02
-9.466048431470679816e+02
-5.672956544133586476e+02
-6.295370936173508198e+02
-5.457027266761713236e+02
-8.753396740385580870e+02
-6.337892719032486184e+02
-6.463882776969173847e+02
-1.163940628124006707e+03
-6.570080142399021952e+02
-4.845602427740303710e+02
-6.514614486020227559e+02
-8.130702168551692921e+02
-5.362117744117457505e+02
-7.549739426960900346e+02
-6.300002989527951058e+02
-6.363083531458302105e+02
-7.656246364477801762e+02
-1.179705092011520719e+03
-5.041591219770795647e+02
-9.896626002273883387e+02
-9.267009710264402429e+02
-7.697876545546829448e+02
-7.644283021329979420e+02
-6.327991453953046630e+02
-4.615216251610649465e+02
-6.068529140936901740e+02
-5.062153726043798088e+02
-6.606658196219690353e+02
-9.944499772047016677e+02
-9.277570992700623265e+02
-7.872508599209240856e+02
-5.121919407150713823e+02
-9.385136931326618424e+02
-9.939854500847169447e+02
-8.591298062724285955e+02
-5.114559464777019002e+02
-9.722841452522109194e+02
-5.088625834537598962e+02
-6.251212874871982876e+02
-8.090988740916307265e+00
-1.328365724797391465e+02
-5.061833693724386194e+02
-8.213829319086024725e+02
-6.410409766725858844e+02
-7.608990125825603172e+02
-5.658206065958272575e+02
-9.433342492167349747e+02
-6.310233292679787382e+02
-2.532592603258635222e+02
-3.901214338059630222e+02
-1.293818880524055999e+02
-1.311527584038888676e+02
-5.088777947962201438e+02
-1.236513204854336436e+02
-6.462133306071973493e+02
-3.693488029490476379e+02
-6.258946995854249735e+02
-1.284747789112238650e+02
-3.729799419330535102e+02
-8.836211019159952684e+02
-7.604254299520257518e+02
-6.386713327610949591e+02
-7.659781138311224140e+02
-6.317204882138224775e+02
-7.238922335074079228e+02
-6.455323014392458845e+02
-7.207426443120805288e+02
-5.225104388254515015e+02
-6.320029964523141643e+02
-3.867483583780501135e+02
-5.089948126192875861e+02
-6.541127057370686089e+02
-1.203616435901732075e+03
-2.609378519880202703e+02
-2.582793760009809603e+02
-5.705329775591708312e+02
-6.355608207895119222e+02
-2.534508587646242574e+02
-4.387794526766152003e+00
-3.585150404924982013e+02
-1.199506876204323362e+03
-3.795861972092482688e+02
-6.311256619992630021e+02
-7.026811008048265421e+02
-7.930104173825828866e+02
-5.096934799877854516e+02
-1.048606856519165149e+03
-4.758416683703365493e+02
-1.026498434031324450e+03
-1.310770720218953329e+02
-3.722664431123104123e+02
-3.891507707139697345e+02
-7.173331771787375146e+02
-2.470566842978302304e+02
-1.174154144010138623e+00
-9.137298125474139852e+02
-3.715667335908783571e+02
-1.307015528596249396e+02
-3.778227301279104609e+02
-1.300111602232891812e+02
-1.224179753449090640e+03
-1.112701991771388521e+03
-9.744965097108627106e+02
-1.253031939594158217e+02
-2.520787155981531100e+02
-1.253210575407966019e+02
-7.824348133579803743e+02
-2.529920010819631102e+02
-6.273847315705663732e+02
-2.067311565729915923e+00
-1.287185707881425287e+02
-1.030827959838170727e+03
-1.216911781995873071e+03
-1.094896504527799380e+03
-1.088207028082367287e+03
-1.269043458901151809e+02
-7.811233578840168548e+02
-2.501474608942910720e+02
-5.211013460434554645e+02
-9.123688710240459159e+02
-3.802705729642467531e+02
-1.272405606064347268e+02
-5.075378469097677794e+02
-2.571631176277726922e+02
-3.787708557952204274e+02
-3.860710201406169517e+02
-2.525432221024193780e+02
-1.272824991870561888e+02
-4.051468521942906591e+02
-1.267018662243870892e+02
-2.504413019892293732e+02
-4.017574327329633661e+02
-2.593342251930871498e+02
-9.487460618673919726e+02
-3.713260228931681581e+02
-1.009639500110607628e+03
-1.281382476160654562e+02
-8.348924858924535783e+02
-3.957580031449436433e+02
-3.934791532592533940e+02
-9.473887696431143590e-01
-5.827588234015941282e-01
-3.815583373940847309e+02
-8.070729095669450999e+02
-1.278443335442402713e+02
-2.472031197406300294e+02
-1.111247211726855085e+03
-1.195555676728737581e+03
-1.189686977653296253e+03
-2.557228774257920065e+02
-2.548903389881192822e+02
-1.060189000819072135e+03
-2.586242081591783517e+02
-2.602326879969104425e+02
-4.045708821682989651e+02
-1.341716693278681589e+02
-4.821751808867205682e+02
-1.003911873140686680e+03
-1.175614912321113479e+03
-6.956406275620092856e+02
-2.001682390707955790e+02
-6.177314371192530871e+02
-1.148898236629970597e+03
-1.012458996811348925e+03
-1.122227151407562360e+03
-8.003800857799155892e+02
-1.282294515141344959e+02
-2.410262070011041313e+00
-1.288311220794562360e+02
-3.845656865670201796e+02
-1.318613223195547857e+00
-5.235912540680469647e+02
-6.759723410270804607e+02
-1.046596362383172163e+03
-3.687334587120971605e+02
-2.554441972144507531e+02
-1.302445406911896697e+00
-3.891860671614302305e+02
-2.553744049079036529e+02
-1.277462856765565249e+02
-3.829503764247809272e+02
-2.502320249448670779e+02
-5.192119421845388842e+02
-2.590836108254305827e+02
-1.991448846823624219e+00
-6.540323781902009159e+02
-1.331157928440601097e+02
-2.534495993555651125e+02
-6.276592918183206393e+02
-3.899767170903389228e+02
-1.057730303600052366e+03
-1.237618080440320227e+02
-1.260764854374208568e+02
-1.295589787841402085e+02
-1.218782629159413347e+02
-1.057224642999379739e+03
-2.133391579565715901e+00
-9.055713957038009312e+02
-3.718571985295917592e+00
-3.820719891167844935e+02
-1.074183534535796298e+03
-9.109195638632203327e+02
-6.080675598463310507e+02
-8.892584587693628251e-01
-2.579991754657846172e+02
-2.519028199607277259e+02
-5.176811786411308276e+02
-3.718095683438640435e+02
-2.607352226583903416e+02
-6.022906274202384793e+02
-3.943195686758078295e+02
-2.493479721872437835e+02
-2.694636628534628819e+00
-1.349260038134667923e+02
-2.516163620459210790e+02
-3.154316354150058288e+00
-3.742004565827080409e+00
-5.892039548139451632e+00
-3.772758058195767035e+02
-7.878839878651835988e+02
-4.436976466046480141e+02
-1.219085004656785031e+03
-8.720064641528158518e+02
-2.611157824513264245e+02
-3.817430492688870913e+02
-2.810437977442088009e+00
-2.545003024707769441e+02
-2.579008748553287660e+02
-7.862364597796176895e+02
-5.167703852460201688e+02
-5.643643431437564004e+02
-4.357664562281929648e+02
-3.857472188177286512e+02
-7.457181502380963138e+02
-5.048602204048164594e+02
-6.778976919436527169e+02
-2.567736578503611895e+02
-9.238596049400889569e+02
-1.251659054312998762e+02
-1.278241906940833559e+02
-6.432208667934917230e+02
-2.564445236153374594e+02
-1.268644849477152690e+02
-9.058231035845761880e+02
-1.299426411246077464e+02
-1.291273320965570974e+02
-3.934760966733659302e+02
-2.585922587978956244e+02
-2.605531312124584247e+02
-2.670182341487526401e+02
-1.334232437849370285e+02
-3.537769379787900448e+02
-7.739193564591647601e+02
-2.586342223402130571e+02
-2.619374716227163731e+02
-1.114623375091636490e+03
-1.079862198360837738e+03
-1.360614606585837976e+02
-3.759836771245614955e+02
-4.348032825686574938e+02
-1.322789171578558864e+02
-2.560314537217130919e+02
-3.730806637423421535e+02
-6.281965972120705146e+02
-4.731210442499213187e+00
-2.572776794555454671e+02
-4.002137766231788305e+02
-3.957057842847490861e+02
-7.234674729146350902e-01
-5.351047319546192966e+02
-1.302509654778272363e+02
-2.622289515712413390e+02
-1.326320212239146485e+02
-2.096130913385510830e+00
-1.229835188662241450e+02
-3.786802253434623822e+02
-1.000839722750478833e+00
-1.845459681061644153e+00
-1.074246334222254291e+03
-1.308057390942131235e+02
-1.469187042059409087e+00
-2.595635061397163490e+00
-2.474732460767945099e+02
-1.227568887319509031e+03
-8.876012949898492934e+02
-1.341091823753221774e+02
-7.022540549664064429e+02
-1.183080643554131029e+03
-4.814066587489806466e+02
-3.863913638105066752e+02
-1.346223964839368534e+02
-3.864998954446807602e+02
-6.639153020717292293e+02
-6.480174775484775864e+02
-2.470453898512748481e+02
-6.698573699585477925e+02
-6.751924824284452598e+02
-5.374290682355773470e+02
-6.442502860542675762e+02
-3.981950184653586007e+02
-2.615041270281149082e+02
-2.734663739780913829e+02
-1.058781463292452145e+03
-3.092476908404741209e+00
-1.306415426151332895e+02
-1.060235219067997832e+03
-2.081773059870584142e+00
-1.111852292196688950e+03
-9.269354146739322005e+02
-1.303119951823556164e+02
-1.311559995460335131e+02
-2.603152831823064162e+02
-1.171969080392547312e+03
-1.224495030635436706e+03
-5.029309155954465496e+02
-1.248562895927136651e+03
-1.304101653864412640e+02
-1.184663155217795065e+03
-1.272087224787644857e+02
-1.267695432208896449e+02
-4.086682780633791090e+00
-2.587483377094833941e+02
-1.300775006810064554e+02
-5.466632027762927919e+02
-2.589289756921641015e+02
-1.293089025420829614e+02
-5.768442962904067599e+02
-5.205626835905845837e+02
-3.915409987209199638e+00
-2.666760469625064633e+00
-7.295149540131234289e+02
-1.317143886584305221e+02
-6.231606111771270662e+02
-1.016272889889395060e+03
-3.904964593210609110e+02
-1.325527188711967597e+02
-3.736674139825827865e+02
-2.673080436070316068e+02
-3.687651917429469108e+02
-2.908628464788531431e+00
-3.750764013248250990e+02
-5.076370186803927709e+02
-1.149808940344856637e+03
-1.346483238074972917e+02
-1.307984990389949473e+02
-1.322215819877628746e+02
-1.048304450798275411e+03
-9.284263867184677110e+02
-2.600181294326353054e+02
-2.668894809071501300e+02
-2.656529460728881418e+02
-3.809308115376468322e+02
-4.024102823023863493e+02
-4.036743503459853173e+02
-2.608036822391883902e+02
-1.305762907309382115e+02
-2.513051953955120439e+02
-3.848948883592449306e+02
-3.757472692145123006e+02
-4.259889023460060571e+02
-1.296690090860718954e+02
-2.566777679225947395e+02
-3.916665346622883135e+02
-2.608462753683719484e+02
-3.846552097496339684e+02
-4.976256037091554845e+02
-5.126568383116037921e+02
-2.587138395905371340e+02
-5.063752645385227993e+02
-2.695249962664658216e+00
-1.303275313565738429e+02
-1.337881071527304471e+02
-3.937965944295295913e+02
-2.652269310408334491e+02
-2.543356500617434790e+02
-1.303741220059554280e+02
-2.538787566593950942e+02
-1.291585575518655276e+02
-6.517150653225088490e+02
-2.418714764593377424e+02
-3.671158097527795690e+02
-3.822371519284540113e+02
-1.270461990862363137e+02
-2.159393497143421214e+00
-1.294860430450476940e+02
-2.659074510758027809e+00
-1.321511858050654951e+02
-3.939668647885534369e+02
-7.185872575631950667e+02
-5.139594637789430180e+02
-3.913603325097951142e+02
-4.045812178598069409e+00
-2.602238756759469425e+02
-5.217773975159925612e+02
-3.876026997230902680e+02
-2.456003140067281549e+02
-2.101772216077530508e+00
-1.283742692565345180e+02
-1.280144827358659825e+02
-1.232835774282389565e+02
-4.060340089372958801e+02
-1.636703279492907059e+00
-1.292086474032181513e+02
-1.043318523076462270e+03
-3.635643059300605842e+02
-5.558998973492276718e+02
-3.799034822421657509e+02
-5.320779099678517241e+02
-4.245330264475652484e+02
-4.315194683757305825e+02
-3.868795233848690032e+02
-2.607852828044586317e+02
-9.573099283610974908e+02
-3.828293479210180976e+02
-2.488908937852863232e+02
-4.023915760376240769e+02
-4.078167073927345996e+02
-2.467034295090168712e+02
-4.747626559112983813e+00
-1.305667426387035164e+02
-3.827675732058891072e+02
-1.294212843080065056e+02
-2.523105438993161442e+02
-9.396169848608270740e+02
-6.524422382385167793e+02
-1.293276354076383825e+02
-2.452473073356773909e+02
-1.277525550057130346e+02
-1.779084324983751575e+00
-2.487050947554008360e+02
-3.639398623712880863e+02
-1.292303476154314978e+02
-1.282226608413833446e+02
-4.012282382836342975e+00
-4.295782411318671734e+02
-1.197890182199530955e+03
-1.048734962547861414e+03
-1.302084471380852051e+02
-1.305324938351300545e+02
-1.314250406311475672e+02
-1.352411493811345906e+02
-3.890832920369631438e+02
-2.628339897798654192e+02
-2.817545838074964948e+00
-1.323185621416150752e+02
-3.773550876597753359e+02
-1.270340384374432432e+02
-1.360735258484340591e+02
-4.059505403220696280e+02
-3.764491577830218603e+02
-3.925901816993274451e+02
-2.577125009122322581e+02
-6.515166198059458793e+02
-2.576714110545120207e+02
-1.342180173699677255e+02
-4.156441203895547005e+02
-2.623557160619415640e+02
-3.730033745607965443e+02
-4.940445855196305729e+02
-4.785543857166809971e+02
-1.327792664006169900e+02
-9.312947890475888926e+02
-5.208600562723299845e+02
-3.927644766796171325e+02
-6.527828372342443117e+02
-9.576642287263043229e+00
-1.335166821988742925e+02
-2.626843154372153322e+02
-2.574908838903349420e+02
-7.835630155225414910e+02
-1.303611090393530390e+02
-1.302496888519273455e+02
-4.407202539427654386e+00
-1.251137184107409013e+02
-2.512092583869590499e+02
-2.533468681416959782e+02
-3.114962228004326761e+00
-3.714811867111043053e+00
-1.090040102690240019e+03
-1.024825694421882190e+03
-1.051452286498504463e+03
-3.014827926999833263e+00
-3.639960089098678964e+02
-1.326180004162859234e+02
-2.536350873591379127e+02
-4.125474643955042211e+02
-6.589694743224388276e+02
-2.876838677372809343e+02
-2.678529529246694665e+02
-1.047890637501778428e+03
-1.096166442412943752e+03
-1.252998110718703373e+02
-2.562986584789968436e+00
-1.650576494497735691e+00
-1.073730099700947903e+03
-3.990980135182573552e+00
-1.021650477761047682e+03
-1.158727147055506975e+03
-1.034118654299581976e+03
-1.746912232774645579e+00
-9.156061126585672127e+02
-2.560851833563589253e+02
-8.827019137222910103e+02
-2.464059848252856284e+02
-5.209079464360621614e+02
-2.418310502813450569e+02
-2.537530597980209848e+02
-1.330720472993395447e+02
-2.575121860922972132e+02
-1.309256731949710968e+02
-1.475166127923198012e+00
-2.579301205452098316e+02
-3.788793703137631610e+02
-1.910001738001351645e+00
-1.272123853778626454e+02
-1.275591799984135122e+02
-5.597751998870455736e+02
-1.295015385879508756e+02
-8.115182777560239629e+02
-3.964506551446502272e+02
-1.274725039167668825e+02
-5.115454333678114267e+02
-1.243509541950402593e+02
-4.897784060896989899e+02
-4.696542231751652139e+02
-1.298158091152765792e+02
-1.027762781613130073e+03
-2.428338151597188528e+02
-9.866588685918233903e-01
-2.579684203627121519e+02
-2.584592035114636133e+02
-3.876505528799136755e+02
-2.559911845883093235e+02
-2.658495946105649068e+02
-1.367938422397985798e+00
-1.271570243401976512e+02
-5.045291056259991933e+02
-2.440912468011398460e+02
-1.268859575030286209e+02
-1.264502685796910697e+02
-2.493557448249181334e+02
-4.096881361029819004e+02
-2.583114251272450019e+02
-3.462092301217671420e+00
-3.590088713677725423e+02
-1.160694882955592448e+03
-2.550059361400284388e+02
-3.670358293835990366e+02
-3.611473957816241978e+02
-1.304720595604604227e+02
-2.604932974086302124e+02
-3.437257422363369841e+00
-3.764566620556557996e+00
-1.881486719248073536e+00
-1.293109371309320750e+02
-2.574029315006076786e+02
-1.270111160157887582e+02
-6.733019923839902958e+02
-3.747559069904975786e+02
-1.215291110291608220e+03
-1.230962283875825960e+03
-1.169239056677000690e+03
-3.881503567507749040e+02
-1.237783662155816984e+02
-1.319368894394694394e+02
-2.882381313236135778e+00
-2.480457944763030014e+02
-3.663477695448139002e+02
-7.794188769957260092e+02
-6.599662578561802775e+02
-5.139400516536893520e+02
-2.546017094218067882e+02
-4.536817511219821881e+02
-7.946530258139715670e+02
-1.327270125996657271e+02
-2.607265609881094406e+02
-2.690030504944494965e+02
-3.870259273510708340e+02
-1.270551712827689101e+02
-1.294542807918948029e+02
-2.450531609021645352e+02
-1.294872475287198768e+02
-4.154847647975446421e+02
-9.819237299442431777e+02
-1.284757564117580273e+02
-1.414471769430726056e+00
-1.299118287485432859e+02
-1.190050647707226261e+02
-5.783934903398327378e+02
-1.160639901031343015e+03
-2.442347181447735807e+02
-1.273913959798538116e+02
-1.013140125874599562e+03
-2.505933291039061999e+02
-3.961827744488485337e+02
-1.307088591093855428e+02
-1.277106448379013557e+02
-7.681186574952838555e+02
-1.327865196434871677e+02
-2.536403235859981180e+02
-3.802480200686039780e+02
-4.516012055134287273e+00
-1.071095448547016076e+03
-6.467931002820731692e+02
-1.062395314177681485e+03
-5.177553020324530735e+02
-2.738781882734096484e+02
-1.265017440002752807e+02
-1.316425410099191993e+02
-1.308547869247200026e+02
-2.625847051747790033e+02
-5.127949643982800580e+02
-7.840311698839401515e+02
-5.255150749986711389e+02
-6.951318189808979469e+02
-3.903648595916754971e+02
-2.654057604841187299e+02
-2.663990454562347736e+02
-5.078308102105825697e+02
-1.301139394439759656e+02
-9.250529153997121057e+02
-6.581976690791974534e+02
-3.833284183744733582e+02
-2.598486047407405977e+02
-3.894589024173273515e+02
-6.415371302729110994e+02
-1.300212097581755302e+02
-3.764189695439985144e+02
-4.519945263635004373e+00
-2.635228911784539605e+02
-3.915349634076131338e+02
-1.394522294021330424e+02
-3.894827839844871846e+02
-3.523974151848643714e+02
-9.249778475650249447e+02
-7.729992944112251507e+02
-2.492849683549336532e+02
-2.591978953562576180e+02
-3.613791700319433176e+02
-1.370465063587198529e+02
-1.334536943455892981e+02
-1.344527416875598931e+02
-1.320367085333925843e+02
-4.311359840856946448e+02
-2.650006711844859524e+02
-2.592841252378588024e+02
-2.480379755379873359e+02
-1.875888969888099389e+00
-3.729494449779343199e+02
-2.491394087733184790e+02
-2.497607268736446144e+02
-3.817122571633069583e+02
-1.307880624306269794e+02
-1.919908129547565290e+00
-1.279902091137890210e+02
-2.567694342112198456e+02
-4.987318757186851599e+02
-3.904107134042429266e+02
-1.308322319621763086e+02
-2.561830160373918641e+00
-2.490132322215431770e+02
-5.759162833554921868e+00
-5.043490364986122465e+00
-2.445909488112372117e+02
-1.294955704586235754e+02
-1.300052005655443566e+02
-4.058135306044646313e+02
-5.252340028462664350e+02
-1.706362777062280145e+02
-6.268301048067163705e+00
-2.491300792463842129e+02
-7.920880094124745483e+02
-7.857353259873204934e+02
-3.704729658180524439e+02
-3.739597532864997333e+02
-2.590182250863906575e+02
-3.769545357714747968e+00
-1.295856181805162350e+02
-3.812949865053145118e+02
-1.291692957116572984e+02
-1.297683236144900434e+02
-3.898788253739551237e+02
-4.168411417687893845e+02
-5.002601074236361569e+02
-4.137754115156489831e+00
-1.303768169796732650e+02
-1.285039290551818567e+02
-2.511678088594037490e+02
-1.275649955238845195e+02
-1.308454525088718583e+02
-1.325022446735056576e+02
-6.547243805640348455e+02
-7.794603338062362354e+02
-4.821659816910909626e+02
-1.329850103947269986e+02
-3.976408642567777818e+00
-3.866979528812551052e+02
-3.774222246088877455e+02
-1.301299997316364170e+02
-2.566055490981765956e+02
-1.344503427521976278e+02
-2.234117836586199335e+00
-1.312601884835449937e+02
-3.758570512277824491e+02
-7.848522077474131038e+02
-1.313582750690709133e+02
-1.782911804032650149e+00
-4.357297257221899258e+02
-5.052661529499471840e+02
-1.326790918527906058e+02
-1.293373152263066288e+02
-2.643644029660456454e+02
-3.722709008571089218e+00
-2.580563218858675327e+02
-3.955804621478633294e+02
-2.643664398125412873e+00
-3.646900505947209012e+02
-2.181184999104471611e+00
-6.468708455171810101e+02
-3.783563349108978286e+02
-4.364698749201033365e+02
-1.293205355774650513e+02
-1.240581091486495069e+02
-6.493731966704506249e+02
-1.294126076285935198e+02
-2.586624258574869373e+02
-2.095169014758583526e+00
-1.238282716159754955e+02
-2.543193076673526036e+02
-1.274282360898344422e+02
-2.581297008177239718e+02
-1.253233175100205443e+02
-3.635134390475749910e+02
-2.647022667041675277e+02
-1.309845396183873731e+02
-2.472963269352037230e+02
-3.822772681845760303e+02
-9.127922287940536989e+02
-2.497251064627393191e+02
-2.512240928544748897e+02
-1.298638033329016821e+02
-1.271422062042731511e+02
-2.440565068225587027e+02
-2.760523544333132122e+02
-1.290410524287359237e+02
-2.522728401467839721e+00
-3.843589603499149803e+02
-1.299576835939432158e+02
-1.303689267958277753e+02
-1.347445920490229128e+02
-4.833234885083878112e+02
-5.136078257116672603e+02
-5.405955673991671802e+02
-1.285934299444523106e+02
-1.970310111089845106e+00
-1.288016084937441974e+02
-2.474836382574127356e+02
-1.281919376052148039e+02
-2.498365840570140222e+02
-3.902833104055941931e+02
-5.270337585373160891e+02
-4.683507430033399714e+02
-3.888949233194835529e+02
-2.596173703357131330e+02
-5.257703259451807298e+02
-5.284667208286571167e+02
-2.637470380943368014e+02
-3.890878775392741886e+02
-3.909617090606873830e+02
-1.294187275993322999e+02
-1.257135401392541922e+02
-2.404583302799609612e+02
-4.354464051667994795e+02
-1.281990305975437821e+02
-3.920941756867728145e+02
-1.299110025992480359e+02
-2.542617710034377012e+02
-1.841898309539348633e+00
-1.244209912746846669e+02
-5.181626763137448961e+02
-2.474014184260752245e+02
-4.090269866192821269e+02
-3.622171421764668366e+02
-5.702313306699218174e+02
-1.305780782497745065e+02
-2.486258616109091975e+02
-7.571456659023319844e+02
-9.136857826570816314e+02
-2.584458562778930286e+02
-2.498524635993110508e+02
-1.310263151916920208e+02
-3.653814727902856703e+02
-4.546857878503003576e+02
-4.918405436624177618e+00
-5.171452536161247053e+02
-3.875197873325646469e+02
-2.449279214125768078e+02
-3.944443808628099077e+02
-2.548827431967452526e+02
-5.062219107580610853e+02
-2.889257168127997488e+02
